IT Services
4571 778
4571 917
4569 3
4569 2
4571 544
4567 4
4571 1
4570 1
4569 0
4568 2
4567 2
4570 2
4567 2
4569 2
4568 403
4567 2
4569 0
4569 3
4568 998
4571 3
4568 2
4568 0
4570 3
4570 2
4570 3
4569 0
4567 656
4568 4
4571 4
4569 4
4571 1
4568 0
4569 3
4567 1
4571 4
4569 4
4568 893
4568 0
4568 1
4570 818
4570 407
4571 1
4567 1
4570 758
4568 1
4567 2
4570 1
4570 1
4567 2
4567 4
4568 2
4568 1
4568 625
4569 4
4571 1
4571 98
4571 816
4569 4
4569 4
4571 4
4569 3
4571 3
4571 0
4570 862
4567 1
4568 4
4569 4
4571 3
4570 3
4567 4
4571 3
4571 3
4567 1
4568 2
4568 888
4568 768
4567 1
4571 3
4570 3
4568 4
4567 4
4570 3
4568 3
4567 4
4568 4
4569 3
4569 1
4570 0
4569 1
4567 4
4571 0
4571 4
4567 4
4567 3
4570 4
4569 4
4568 3
4569 1
4571 3
4567 1
4570 0
4570 4
4570 650
4571 901
4570 0
4571 0
4571 854
4571 0
4568 50
4567 1
4568 3
4571 1
4571 0
4568 0
4569 3
4569 1
4567 2
4569 4
4568 1
4568 0
4569 2
4568 0
4571 1
4568 0
4571 4
4569 3
4569 4
4567 758
4569 1
4571 2
4567 2
4571 320
4571 4
4568 4
4571 4
4567 3
4567 117
4570 3
4568 0
4571 1
4568 4
4570 0
4568 3
4571 1
4569 446
4571 687
4567 43
4571 2
4570 3
4571 2
4567 0
4568 1
4570 1
4570 0
4571 328
4571 1
4570 3
4567 3
4570 4
4567 4
4568 4
4567 0
4571 1
4567 303
4571 2
4568 4
4567 958
4571 0
4567 2
4571 3
4568 0
4571 0
4569 3
4570 1
4569 2
4571 1
4568 0
4571 1
4571 0
4569 3
4567 3
4571 137
4569 2
4571 3
4568 15
4571 4
4569 0
4570 466
4571 3
4568 182
4569 4
4570 0
4567 0
4571 3
4571 3
4568 3
4571 825
4567 3
4570 819
4568 4
4567 4
4568 944
4568 0
4569 1
4571 0
4570 0
4569 4
4571 2
4568 1
4567 1
4570 3
4571 260
4567 2
4570 4
4569 0
4571 1
4568 411
4570 1
4567 0
4568 0
4568 1
4567 1
4569 2
4567 4
4569 4
4569 0
4571 81
4571 753
4569 271
4567 452
4570 1
4567 4
4571 0
4571 3
4568 0
4571 2
4570 0
4571 3
4568 2
4569 0
4567 4
4570 448
4570 2
4571 0
4571 1
4569 1
4568 1
4571 2
4569 4
4568 0
4567 4
4571 2
4568 497
4568 226
4567 588
4569 0
4567 13
4570 1
4570 2
4571 2
4571 2
4569 4
4569 1
4567 4
4569 1
4567 2
4568 0
4569 1
4569 867
4571 4
4567 2
4570 3
4571 4
4570 0
4567 4
4567 0
4567 354
4567 3
4568 2
4567 180
4568 874
4570 942
4570 520
4571 699
4571 0
4570 0
4571 1
4571 48
4571 441
4568 0
4567 4
4567 0
4568 0
4571 2
4570 4
4567 3
4569 156
4569 1
4568 4
4567 0
4568 4
4571 3
4571 0
4567 4
4570 634
4567 0
4568 208
4568 0
4567 1
4569 428
4568 2
4569 3
4568 1
4568 3
4568 1
4570 3
4571 2
4568 2
4570 3
4568 2
4571 67
4568 4
4570 124
4570 3
4567 4
4570 4
4570 380
4570 0
4570 558
4568 0
4571 4
4568 2
4569 0
4568 1
4568 2
4567 616
4569 1
4570 1
4571 432
4570 0
4570 2
4568 2
4567 0
4571 972
4570 0
4570 4
4569 4
4567 1
4570 2
4571 3
4568 1
4570 1
4571 2
4568 472
4567 171
4571 2
4569 349
4569 4
4570 2
4568 4
4569 0
4570 106
4569 1
4568 213
4570 0
4570 1
4571 4
4567 3
4568 0
4570 0
4568 4
4571 1
4568 0
4569 3
4567 0
4567 1
4571 3
4571 2
4568 552
4570 1
4567 2
4569 0
4570 4
4568 2
4567 4
4569 1
4570 2
4570 3
4571 892
4567 0
4567 0
4571 0
4569 3
4568 2
4569 631
4571 435
4569 2
4570 0
4571 4
4568 3
4570 2
4567 996
4567 3
4568 3
4568 3
4571 2
4567 260
4570 86
4567 4
4567 332
4568 697
4570 1
4570 2
4570 4
4570 1
4570 4
4571 4
4567 4
4570 486
4568 2
4571 961
4569 3
4570 4
4569 0
4571 892
4571 0
4570 626
4570 732
4570 2
4570 2
4568 0
4568 980
4567 4
4567 1
4571 0
4568 3
4571 346
4570 3
4568 2
4568 4
4569 4
4570 547
4568 1
4567 4
4568 3
4568 62
4568 3
4569 2
4568 3
4571 0
4567 1
4568 2
4569 2
4570 0
4571 0
4567 0
4571 2
4568 0
4570 222
4568 2
4570 1
4570 3
4568 2
4569 770
4567 0
4571 131
4569 0
4569 4
4571 2
4570 0
4568 194
4570 1
4567 432
4567 4
4571 4
4569 2
4567 4
4568 2
4569 121
4569 2
4569 3
4567 3
4569 4
4569 4
4569 0
4569 2
4571 879
4571 926
4569 0
4570 738
4571 3
4568 1
4568 2
4567 708
4567 4
4567 491
4567 1
4570 3
4568 671
4569 522
4567 1
4570 0
4569 161
4570 4
4570 2
4571 2
4568 285
4567 2
4567 3
4570 3
4568 509
4568 4
4567 0
4570 3
4570 3
4570 1
4570 0
4570 3
4568 3
4570 2
4568 827
4568 0
4567 4
4571 95
4567 1
4570 213
4567 435
4567 4
4571 0
4571 0
4569 0
4570 2
4569 1
4567 4
4567 2
4571 3
4568 4
4569 714
4569 3
4570 0
4570 2
4567 3
4571 4
4569 74
4569 2
4568 2
4568 1
4571 1
4568 2
4568 4
4567 2
4567 0
4567 4
4567 0
4567 0
4567 4
4568 0
4570 293
4568 3
4567 4
4567 0
4568 3
4571 214
4568 1
4569 3
4567 254
4570 2
4569 762
4567 0
4569 4
4570 1
4571 4
4569 2
4569 0
4567 4
4569 2
4567 4
4570 753
4571 1
4570 0
4570 2
4568 0
4569 4
4567 304
4567 1
4569 0
4569 1
4570 4
4568 1
4568 3
4569 3
4570 3
4568 1
4569 3
4569 0
4570 4
4570 924
4567 2
4568 0
4569 475
4568 757
4571 0
4569 4
4570 1
4570 4
4568 0
4570 1
4567 2
4570 0
4571 2
4570 4
4567 974
4570 3
4569 0
4567 1
4567 0
4571 4
4571 367
4570 3
4568 1
4570 2
4569 1
4571 230
4569 4
4567 3
4569 1
4570 0
4568 3
4569 681
4567 2
4568 4
4570 3
4569 0
4567 2
4568 1
4570 3
4569 4
4567 996
4567 1
4570 4
4568 2
4571 1
4569 922
4569 3
4571 1
4568 4
4567 4
4570 2
4567 1
4568 436
4568 4
4570 3
4568 3
4569 351
4570 2
4571 1
4569 0
4569 262
4569 3
4571 3
4568 2
4569 3
4567 451
4568 4
4569 4
4567 228
4571 0
4571 186
4567 4
4569 0
4570 4
4567 4
4569 1
4569 0
4568 1
4570 1
4571 3
4568 0
4568 2
4570 0
4568 1
4570 2
4571 2
4570 3
4567 0
4570 3
4571 2
4571 4
4569 666
4567 2
4571 122
4567 4
4567 1
4567 194
4570 2
4570 3
4571 0
4570 0
4568 3
4568 1
4569 26
4568 4
4568 4
4567 1
4570 821
4567 4
4567 3
4567 0
4571 139
4569 3
4567 0
4570 2
4571 4
4570 3
4568 1
4568 1
4570 254
4571 0
4571 535
4571 3
4570 2
4568 0
4569 1
4568 4
4568 3
4569 3
4567 0
4570 4
4568 0
4571 4
4570 3
4570 1
4570 977
4570 2
4570 3
4571 3
4569 2
4569 3
4571 1
4570 2
4570 1
4571 924
4569 554
4570 267
4570 0
4568 1
4568 0
4570 2
4569 3
4571 2
4567 4
4570 155
4570 1
4568 3
4570 3
4569 4
4569 3
4567 4
4568 1
4569 0
4567 1
4568 3
4569 1
4568 0
4568 2
4568 2
4569 1
4568 76
4570 4
4570 2
4568 2
4568 353
4569 543
4569 0
4569 1
4571 0
4570 1
4568 2
4571 0
4570 250
4567 2
4567 1
4569 460
4571 0
4570 1
4569 4
4571 3
4567 4
4570 3
4567 380
4570 4
4568 0
4571 902
4570 3
4569 4
4569 3
4570 0
4571 2
4571 1
4570 1
4569 3
4569 3
4571 2
4568 4
4571 0
4568 2
4570 2
4571 0
4570 0
4567 348
4570 0
4568 1
4568 3
4568 3
4568 3
4570 3
4569 4
4570 2
4569 306
4569 240
4569 0
4568 2
4571 253
4568 986
4568 3
4568 628
4571 0
4568 2
4569 2
4569 609
4570 4
4571 0
4569 613
4569 1
4571 4
4567 85
4571 2
4568 4
4571 4
4571 3
4569 4
4571 2
4570 4
4571 3
4569 0
4567 4
4568 322
4569 687
4567 4
4568 536
4569 1
4571 3
4571 3
4570 4
4568 2
4571 0
4570 0
4568 4
4567 2
4571 4
4567 2
4567 0
4567 2
4569 3
4569 4
4568 738
4568 2
4567 3
4569 0
4568 4
4569 4
4569 3
4571 538
4571 1
4571 693
4567 2
4567 1
4567 3
4567 3
4567 1
4570 0
4569 0
4567 2
4571 156
4568 4
4568 1
4567 1
4568 4
4569 2
4567 3
4569 0
4568 3
4567 4
4570 1
4568 4
4569 1
4571 1
4571 3
4570 0
4569 0
4570 2
4567 4
4567 2
4569 3
4571 3
4569 0
4569 3
4569 4
4570 796
4568 734
4568 4
4567 4
4568 1
4570 2
4568 1
4567 2
4568 2
4568 4
4570 414
4569 754
4569 2
4569 1
4571 1
4570 45
4571 4
4569 3
4568 2
4571 2
4570 4
4571 786
4571 0
4567 0
4570 4
4571 4
4568 4
4568 4
4570 2
4569 0
4571 1
4571 1
4571 0
4568 1
4570 4
4571 1
4569 3
4569 2
4568 268
4570 1
4569 3
4570 3
4568 0
4570 1
4571 0
4569 1
4568 4
4569 134
4571 497
4571 4
4568 1
4569 2
4570 0
4568 3
4570 2
4570 4
4571 4
4568 3
4570 2
4567 4
4567 790
4569 4
4568 1
4568 2
4571 4
4570 299
4568 4
4571 1
4569 4
4567 3
4567 3
4569 3
4567 3
4567 4
4571 2
4569 3
4570 3
4569 0
4571 4
4570 550
4570 3
4570 2
4569 3
4567 771
4570 3
4568 2
4569 1
4571 754
4571 2
4568 1
4571 4
4567 3
4571 1
4569 2
4568 2
4568 1
4570 0
4567 3
4570 3
4568 520
4570 2
4567 0
4567 4
4568 0
4570 4
4569 1
4568 1
4567 261
4568 694
4568 1
4567 2
4570 2
4568 0
4569 674
4567 2
4570 2
4569 4
4567 1
4571 3
4567 0
4567 2
4570 1
4571 1
4570 2
4567 0
4568 3
4569 3
4567 1
4571 356
4569 2
4569 397
4567 3
4570 0
4569 3
4567 2
4571 2
4570 3
4568 1
4569 0
4571 0
4569 2
4569 0
4567 4
4567 4
4568 2
4571 2
4570 0
4569 4
4569 1
4567 2
4567 2
4567 4
4570 1
4567 636
4569 2
4567 1
4570 4
4568 4
4568 0
4567 1
4569 2
4568 0
4567 4
4571 0
4569 4
4568 1
4570 1
4571 4
4570 2
4569 1
4569 2
4570 69
4570 0
4568 376
4567 3
4570 1
4569 1
4570 873
4568 0
4569 890
4567 944
4570 3
4567 4
4569 2
4570 1
4568 1
4567 3
4568 598
4567 1
4567 1
4569 1
4571 1
4568 4
4570 4
4570 1
4568 933
4569 0
4568 2
4570 0
4571 2
4568 1
4567 4
4568 1
4568 3
4570 0
4569 0
4571 614
4569 4
4568 3
4570 1
4569 4
4571 2
4568 1
4569 0
4570 0
4570 1
4571 2
4570 885
4570 3
4567 3
4568 719
4571 0
4570 2
4569 3
4567 3
4569 456
4568 3
4569 367
4568 3
4567 806
4569 3
4568 4
4567 3
4567 0
4570 269
4570 2
4571 2
4570 4
4567 4
4568 4
4569 0
4570 0
4571 3
4567 145
4570 796
4570 1
4567 3
4568 3
4571 1
4569 3
4571 101
4567 4
4570 3
4569 370
4568 0
4568 3
4571 2
4569 3
4567 2
4571 3
4569 1
4568 0
4567 4
4571 0
4569 0
4568 456
4569 2
4571 2
4568 3
4569 3
4569 0
4569 0
4570 4
4568 4
4570 0
4569 301
4570 0
4570 600
4568 3
4568 4
4569 1
4570 3
4569 3
4567 0
4567 3
4567 0
4570 3
4567 3
4571 4
4567 4
4569 1
4571 4
4568 2
4567 0
4570 2
4571 3
4570 2
4569 4
4570 667
4569 3
4571 3
4569 769
4569 3
4571 0
4570 2
4568 0
4569 4
4568 1
4567 871
4570 0
4570 4
4570 481
4571 3
4570 4
4567 4
4570 2
4567 457
4571 0
4571 601
4568 2
4568 3
4570 3
4567 0
4568 2
4568 3
4571 619
4571 4
4571 4
4567 3
4570 4
4571 4
4571 820
4570 2
4570 2
4571 1
4569 0
4567 4
4571 0
4567 340
4569 3
4570 1
4571 4
4568 488
4568 4
4567 0
4568 3
4570 0
4570 4
4567 2
4569 2
4568 290
4567 3
4571 1
4571 4
4567 4
4569 0
4567 3
4571 0
4569 74
4567 1
4571 4
4568 2
4567 256
4570 2
4569 67
4568 1
4568 1
4568 726
4568 1
4569 510
4569 1
4569 0
4569 2
4567 0
4567 3
4570 0
4568 642
4567 4
4570 1
4568 3
4567 0
4571 2
4568 0
4569 3
4568 0
4567 3
4568 2
4569 3
4568 1
4569 564
4570 2
4571 935
4567 323
4569 4
4571 4
4567 2
4568 0
4569 362
4571 349
4571 2
4567 968
4567 129
4568 4
4570 306
4568 2
4571 2
4571 590
4570 2
4570 2
4569 4
4567 2
4569 4
4567 4
4569 4
4569 2
4571 0
4570 4
4567 3
4568 3
4567 3
4569 4
4569 0
4571 2
4571 3
4567 3
4567 1
4568 1
4567 0
4571 1
4569 1
4570 3
4571 2
4567 808
4567 3
4568 3
4571 232
4571 2
4567 856
4569 3
4568 1
4570 3
4569 2
4571 4
4567 0
4568 0
4571 0
4567 947
4571 4
4568 22
4570 4
4568 2
4568 628
4570 4
4570 4
4569 4
4571 387
4569 3
4569 3
4568 3
4569 2
4570 0
4571 3
4570 998
4568 972
4567 3
4571 4
4568 2
4570 4
4570 850
4570 1
4568 0
4569 593
4570 3
4567 2
4567 2
4570 4
4571 1
4570 0
4570 357
4571 3
4569 3
4569 1
4567 4
4569 169
4568 4
4568 452
4568 0
4568 547
4567 2
4571 3
4571 4
4567 2
4571 0
4570 1
4570 0
4567 4
4567 2
4570 4
4571 0
4571 1
4567 0
4567 130
4570 0
4570 1
4569 844
4571 2
4570 4
4567 4
4567 1
4571 1
4568 4
4570 2
4569 3
4569 107
4569 4
4567 2
4567 1
4568 3
4571 3
4568 1
4569 2
4569 3
4570 4
4571 3
4567 4
4570 3
4569 4
4571 1
4570 4
4571 4
4571 4
4570 937
4571 1
4568 2
4569 433
4571 0
4568 74
4570 3
4567 2
4567 432
4571 3
4568 4
4570 1
4570 4
4567 1
4568 3
4567 4
4571 4
4567 924
4570 3
4568 0
4568 560
4568 2
4571 637
4570 4
4569 1
4567 3
4568 2
4568 960
4568 887
4568 2
4568 2
4569 0
4571 3
4568 4
4569 1
4568 1
4569 4
4568 2
4570 903
4571 0
4569 757
4568 3
4569 2
4571 2
4571 3
4568 1
4571 691
4568 3
4569 4
4571 1
4568 1
4571 0
4568 12
4571 0
4569 4
4571 1
4568 3
4567 1
4571 216
4570 1
4571 3
4571 3
4568 0
4567 771
4571 1
4567 4
4567 1
4567 2
4571 3
4567 0
4567 2
4570 0
4571 3
4570 3
4570 3
4567 3
4569 3
4569 1
4568 2
4567 3
4569 3
4568 3
4569 0
4570 92
4571 2
4568 3
4570 4
4568 3
4569 0
4571 0
4568 4
4571 0
4568 4
4571 1
4569 192
4571 4
4567 2
4570 2
4568 2
4570 0
4568 0
4569 4
4569 2
4569 0
4568 239
4571 2
4567 2
4571 2
4569 2
4571 1
4567 0
4567 0
4571 813
4568 0
4568 2
4567 0
4568 1
4568 0
4567 2
4571 0
4567 1
4571 2
4570 4
4569 2
4568 4
4567 3
4568 0
4569 4
4571 1
4567 2
4568 3
4570 362
4567 2
4570 21
4571 1
4570 0
4570 0
4567 3
4568 0
4568 4
4571 342
4567 2
4570 1
4568 3
4571 1
4570 3
4568 2
4571 2
4567 385
4569 4
4568 1
4568 0
4568 3
4571 0
4568 4
4569 4
4568 2
4568 2
4570 1
4569 461
4570 2
4571 2
4571 4
4567 1
4567 2
4570 4
4567 1
4567 4
4568 177
4570 0
4571 4
4571 3
4568 1
4571 1
4569 4
4570 1
4571 3
4569 4
4570 3
4568 2
4570 3
4570 1
4570 0
4567 917
4571 3
4568 3
4567 4
4568 1
4567 2
4570 555
4570 3
4567 1
4571 1
4569 3
4567 2
4570 0
4569 1
4569 0
4571 4
4568 2
4569 2
4570 0
4568 0
4568 266
4568 3
4568 0
4570 14
4571 3
4568 3
4569 0
4570 4
4571 859
4570 686
4568 1
4568 3
4567 4
4567 1
4567 2
4570 3
4568 3
4570 854
4571 0
4567 1
4567 0
4570 4
4569 2
4570 4
4567 1
4568 1
4568 2
4570 719
4567 1
4567 4
4570 1
4569 0
4569 0
4570 4
4569 2
4568 1
4570 2
4570 2
4569 186
4567 4
4570 0
4569 0
4570 1
4570 1
4569 3
4567 4
4569 4
4567 1
4571 2
4569 583
4571 4
4568 2
4571 3
4571 4
4570 1
4568 4
4571 4
4569 2
4569 824
4571 3
4568 1
4571 3
4567 0
4571 2
4571 2
4570 3
4571 2
4567 0
4569 858
4567 0
4567 4
4567 31
4570 4
4568 4
4571 3
4570 4
4571 1
4567 2
4569 2
4569 1
4571 0
4570 3
4571 2
4571 2
4569 1
4568 3
4569 1
4568 1
4568 140
4567 2
4568 1
4571 683
4569 3
4571 187
4571 0
4571 4
4567 3
4570 3
4567 2
4571 3
4571 946
4569 3
4568 1
4567 2
4571 1
4568 3
4570 562
4569 2
4571 2
4567 322
4571 2
4570 3
4571 0
4570 4
4567 2
4570 4
4571 4
4571 4
4567 2
4567 4
4571 1
4571 4
4571 3
4569 3
4567 4
4567 1
4571 253
4570 1
4571 3
4569 3
4570 0
4569 0
4567 3
4570 2
4569 3
4567 744
4570 3
4570 1
4571 1
4567 0
4570 983
4569 3
4568 1
4569 2
4569 2
4568 3
4569 0
4567 0
4570 0
4570 21
4567 3
4567 212
4571 2
4571 4
4571 2
4569 3
4569 2
4568 3
4568 3
4569 85
4567 3
4568 844
4570 4
4568 2
4571 0
4568 2
4567 3
4569 1
4569 705
4567 1
4568 2
4569 1
4568 3
4571 1
4569 0
4569 0
4571 2
4567 3
4570 2
4571 1
4571 3
4571 3
4567 2
4571 3
4571 3
4567 3
4571 3
4568 975
4567 4
4571 1
4571 951
4568 872
4570 883
4568 0
4571 1
4571 2
4569 3
4570 3
4569 2
4569 0
4568 4
4567 4
4567 2
4570 2
4571 2
4569 1
4568 3
4568 4
4568 274
4569 3
4567 2
4570 906
4569 1
4571 4
4570 472
4567 4
4567 0
4567 358
4568 136
4571 0
4569 4
4569 0
4568 1
4567 3
4571 1
4571 3
4570 134
4569 3
4570 0
4567 2
4570 0
4571 1
4571 462
4570 83
4571 4
4571 0
4568 222
4567 0
4570 2
4567 356
4567 597
4569 4
4567 4
4569 1
4569 0
4568 2
4570 0
4568 334
4568 0
4570 4
4570 1
4567 953
4569 4
4568 3
4571 0
4567 3
4568 2
4571 3
4568 168
4568 100
4570 4
4569 2
4567 4
4567 0
4571 0
4570 250
4567 4
4568 0
4571 0
4568 2
4571 2
4569 0
4568 4
4567 3
4567 2
4567 4
4570 2
4570 0
4570 3
4568 210
4567 0
4570 4
4569 2
4571 3
4570 2
4568 768
4570 4
4569 1
4570 4
4570 4
4568 1
4569 3
4567 1
4569 0
4569 1
4567 1
4571 4
4571 1
4571 694
4569 39
4570 2
4571 2
4570 1
4567 2
4569 4
4567 2
4571 4
4567 360
4570 3
4568 3
4567 0
4569 814
4569 781
4570 0
4570 616
4569 261
4571 4
4570 220
4569 4
4570 0
4568 3
4570 4
4571 18
4567 2
4571 4
4569 0
4570 3
4571 509
4569 3
4570 0
4569 2
4571 0
4567 4
4571 0
4571 902
4570 24
4567 3
4567 992
4569 2
4571 3
4567 101
4568 4
4569 2
4569 0
4569 1
4569 3
4571 3
4568 3
4567 4
4568 0
4571 2
4570 4
4571 3
4567 0
4569 0
4571 1
4570 2
4571 0
4567 2
4568 3
4567 3
4571 894
4571 1
4570 0
4571 0
4567 2
4571 716
4569 683
4570 4
4568 4
4571 871
4568 1
4568 3
4568 3
4567 413
4569 1
4569 807
4571 3
4569 2
4571 0
4567 4
4571 0
4570 2
4567 1
4570 4
4568 4
4570 663
4570 0
4571 0
4569 1
4567 423
4570 3
4568 420
4568 234
4568 0
4568 2
4570 4
4569 1
4568 1
4567 3
4570 1
4570 2
4567 4
4567 0
4568 4
4570 1
4569 734
4571 2
4568 111
4571 2
4570 3
4569 0
4570 3
4571 0
4569 0
4570 0
4570 417
4568 3
4571 4
4567 0
4571 529
4568 3
4571 4
4571 89
4568 4
4571 1
4569 4
4569 2
4567 4
4567 0
4569 4
4569 0
4569 4
4567 1
4571 4
4569 2
4569 136
4569 0
4570 1
4569 3
4571 2
4571 1
4571 1
4571 2
4569 3
4567 798
4567 0
4570 4
4570 1
4568 3
4570 930
4571 178
4569 987
4568 4
4567 2
4569 3
4568 4
4567 4
4570 3
4570 2
4567 4
4567 0
4570 0
4571 3
4569 3
4569 0
4567 3
4568 4
4570 0
4568 3
4571 1
4571 0
4567 4
4570 4
4571 92
4570 0
4567 0
4568 1
4570 3
4567 2
4570 2
4571 584
4569 4
4568 3
4569 4
4569 3
4571 616
4568 2
4568 0
4569 1
4570 0
4571 0
4570 2
4569 2
4570 0
4571 4
4570 0
4568 3
4567 4
4569 3
4571 1
4569 0
4569 1
4568 0
4571 2
4567 3
4571 3
4571 304
4571 3
4571 744
4570 3
4569 2
4568 372
4569 3
4569 0
4569 0
4571 3
4571 3
4568 4
4570 0
4567 4
4568 1
4568 2
4567 2
4568 2
4568 4
4569 4
4571 244
4571 3
4571 412
4567 1
4570 0
4569 2
4568 132
4568 4
4568 4
4567 2
4571 4
4569 861
4570 4
4568 3
4571 2
4570 58
4571 1
4568 1
4570 2
4567 4
4567 3
4570 156
4571 438
4567 4
4568 0
4568 3
4569 3
4568 692
4569 4
4570 2
4569 2
4567 1
4567 4
4567 4
4567 0
4569 3
4567 4
4567 0
4568 0
4570 4
4571 3
4569 474
4570 0
4569 0
4568 829
4570 3
4568 1
4568 2
4570 0
4567 3
4571 4
4569 1
4571 4
4571 206
4570 3
4568 662
4568 702
4567 2
4571 2
4570 4
4570 4
4571 123
4570 2
4571 4
4567 896
4571 87
4571 488
4571 3
4567 1
4570 4
4571 1
4569 4
4571 4
4571 4
4569 1
4568 528
4568 0
4570 1
4570 3
4568 1
4570 4
4568 0
4571 2
4568 0
4570 4
4569 3
4568 367
4570 3
4569 2
4570 3
4571 0
4570 2
4571 1
4568 2
4567 4
4570 1
4569 3
4568 1
4571 3
4568 4
4567 282
4569 0
4567 3
4568 2
4571 2
4571 2
4570 0
4570 3
4571 3
4567 0
4568 488
4567 0
4568 0
4571 482
4570 0
4570 2
4568 1
4568 3
4567 260
4568 3
4570 1
4568 4
4570 1
4567 0
4567 493
4569 769
4567 4
4567 1
4569 2
4568 817
4568 1
4567 4
4568 1
4570 3
4569 1
4571 132
4569 530
4568 1
4568 4
4567 1
4567 1
4570 1
4567 2
4567 209
4569 2
4571 3
4571 2
4571 3
4568 2
4571 383
4570 0
4570 4
4569 3
4570 524
4569 2
4568 4
4571 4
4567 306
4568 3
4569 632
4568 0
4568 4
4568 1
4568 3
4571 4
4570 962
4569 145
4569 3
4567 4
4567 0
4571 805
4569 0
4571 3
4570 268
4571 3
4569 3
4570 4
4567 984
4570 1
4569 3
4568 3
4570 2
4569 920
4570 0
4571 4
4570 1
4568 4
4570 2
4571 3
4570 0
4567 2
4570 2
4569 2
4569 0
4571 0
4569 1
4571 1
4570 364
4570 793
4569 1
4569 833
4570 556
4570 3
4567 2
4571 1
4570 60
4569 2
4569 4
4570 3
4567 0
4569 1
4571 0
4570 1
4567 1
4569 3
4569 2
4571 3
4571 3
4569 0
4570 0
4571 1
4569 4
4568 3
4567 0
4571 2
4568 4
4569 4
4567 3
4571 0
4570 0
4569 4
4567 529
4568 1
4571 3
4569 1
4570 2
4571 4
4567 745
4567 0
4567 3
4569 3
4569 0
4567 2
4569 0
4569 4
4570 4
4571 1
4568 2
4571 4
4567 0
4568 3
4570 3
4568 3
4568 1
4568 3
4570 497
4569 0
4569 3
4569 2
4569 3
4567 3
4567 0
4569 3
4570 1
4569 3
4567 926
4569 3
4569 4
4570 4
4568 3
4567 4
4571 0
4568 447
4569 1
4571 0
4569 0
4569 2
4570 663
4571 4
4569 932
4569 0
4571 4
4568 3
4570 2
4569 536
4570 3
4568 0
4569 2
4570 0
4569 4
4569 0
4570 3
4570 2
4567 184
4571 1
4569 974
4570 0
4570 2
4571 0
4571 3
4570 3
4569 875
4568 654
4569 3
4571 2
4568 853
4568 4
4568 3
4567 4
4571 3
4567 4
4570 4
4571 2
4571 1
4569 418
4570 0
4570 4
4568 4
4570 4
4569 0
4570 1
4568 2
4570 1
4567 1
4570 1
4569 238
4569 0
4571 376
4570 0
4571 2
4567 634
4569 4
4569 0
4568 0
4571 4
4570 1
4570 331
4568 1
4569 3
4568 205
4571 0
4570 3
4571 4
4568 1
4569 2
4571 0
4567 4
4569 0
4567 4
4570 0
4568 1
4567 4
4569 2
4567 4
4569 2
4567 1
4569 1
4568 3
4567 0
4570 4
4570 326
4568 0
4570 3
4570 631
4571 4
4570 4
4567 4
4567 4
4571 4
4567 38
4569 2
4567 64
4570 2
4567 1
4569 0
4567 730
4567 2
4571 4
4569 0
4571 1
4567 4
4571 2
4568 3
4568 1
4571 0
4567 3
4567 0
4570 0
4570 1
4568 4
4570 1
4570 3
4567 0
4571 3
4571 4
4569 1
4568 2
4567 1
4569 2
4567 808
4569 1
4568 4
4567 900
4570 3
4570 4
4569 794
4569 3
4569 852
4568 0
4568 4
4571 1
4571 2
4568 857
4570 321
4567 4
4568 0
4568 590
4571 1
4570 3
4571 0
4569 2
4567 1
4571 829
4570 0
4568 2
4567 1
4569 0
4570 1
4568 4
4570 0
4569 23
4567 3
4570 1
4571 4
4567 1
4570 647
4570 2
4568 0
4568 0
4570 3
4568 0
4570 3
4567 0
4568 0
4569 0
4571 1
4570 3
4569 3
4568 2
4567 808
4570 2
4571 0
4571 3
4567 4
4568 1
4567 4
4568 0
4567 3
4570 3
4569 2
4571 4
4567 3
4567 0
4570 4
4569 0
4570 2
4567 3
4571 3
4570 4
4570 4
4568 2
4571 3
4570 2
4567 3
4570 2
4570 3
4568 2
4569 4
4569 2
4568 2
4567 0
4568 0
4569 3
4567 1
4567 2
4569 0
4569 4
4570 1
4568 3
4567 1
4570 1
4569 1
4569 0
4569 0
4570 4
4571 358
4568 1
4571 2
4567 0
4569 2
4568 0
4567 3
4571 2
4570 0
4567 1
4570 1
4567 2
4570 0
4569 1
4571 0
4569 650
4568 3
4570 2
4569 3
4567 4
4567 0
4571 4
4569 0
4567 2
4567 0
4569 4
4571 0
4569 473
4567 0
4569 1
4570 1
4571 4
4570 0
4569 1
4568 2
4567 2
4569 0
4567 1
4570 424
4570 4
4570 0
4571 1
4568 739
4571 1
4570 330
4568 2
4568 1
4568 102
4570 0
4568 2
4571 3
4569 0
4569 230
4569 834
4571 3
4570 2
4568 766
4568 0
4567 4
4568 2
4570 3
4570 2
4568 711
4571 3
4571 1
4568 1
4568 0
4569 2
4567 453
4567 0
4569 4
4569 1
4570 277
4569 515
4570 3
4569 2
4571 4
4571 4
4571 3
4569 3
4568 2
4568 2
4569 0
4567 1
4570 294
4567 3
4568 0
4570 3
4568 2
4571 1
4571 187
4569 2
4568 228
4569 440
4567 2
4567 557
4569 1
4570 1
4571 2
4569 2
4570 2
4571 0
4567 4
4567 2
4570 0
4571 4
4571 4
4569 0
4569 533
4569 1
4569 0
4567 1
4570 0
4571 4
4570 4
4568 3
4570 4
4570 4
4571 0
4570 1
4571 648
4568 4
4568 2
4569 851
4569 652
4570 1
4571 2
4567 3
4569 767
4567 3
4567 9
4571 2
4568 4
4569 1
4570 3
4571 1
4567 1
4570 2
4568 4
4569 2
4569 2
4567 1
4571 4
4571 3
4567 4
4567 2
4567 2
4571 1
4569 2
4567 4
4567 397
4569 2
4569 0
4571 217
4568 38
4571 4
4568 2
4570 0
4571 285
4568 934
4569 3
4569 479
4568 1
4568 1
4571 3
4571 3
4571 1
4570 1
4571 27
4568 832
4570 4
4571 893
4570 0
4570 3
4567 1
4570 0
4570 2
4570 0
4567 583
4567 4
4571 3
4568 2
4569 933
4567 0
4567 3
4570 779
4567 0
4569 2
4570 0
4568 0
4568 2
4567 4
4567 2
4571 1
4570 1
4571 4
4570 3
4571 2
4569 791
4568 1
4568 0
4568 2
4569 933
4567 2
4570 3
4568 3
4569 532
4568 0
4568 4
4567 4
4568 0
4569 0
4568 254
4569 2
4571 1
4567 15
4568 0
4571 4
4568 285
4569 2
4567 3
4571 554
4568 1
4568 3
4568 3
4569 0
4569 3
4571 2
4568 2
4567 2
4568 726
4567 2
4570 767
4567 2
4571 1
4567 3
4571 4
4570 0
4571 1
4570 0
4569 1
4569 0
4567 1
4569 0
4571 4
4571 4
4571 1
4567 2
4570 1
4567 0
4569 0
4568 488
4571 2
4571 1
4571 3
4568 1
4571 4
4569 3
4569 2
4568 2
4568 2
4568 1
4570 4
4568 2
4570 4
4568 353
4571 4
4571 3
4571 1
4569 1
4570 2
4569 4
4567 2
4570 363
4568 4
4568 0
4569 0
4569 1
4567 4
4569 1
4571 888
4569 4
4567 2
4568 2
4570 2
4570 79
4568 4
4569 200
4568 3
4571 1
4568 1
4568 1
4570 3
4568 3
4567 619
4570 4
4571 2
4568 2
4571 4
4567 2
4569 811
4570 3
4568 0
4570 1
4570 0
4568 1
4567 2
4570 1
4567 1
4571 4
4570 3
4569 3
4571 2
4569 0
4571 4
4569 3
4570 1
4571 993
4569 1
4569 0
4567 2
4569 0
4568 16
4569 2
4568 1
4568 0
4567 3
4571 2
4568 1
4571 4
4571 0
4571 1
4569 1
4569 49
4570 0
4569 4
4568 0
4569 0
4567 1
4567 0
4571 3
4568 1
4567 3
4569 3
4567 0
4571 2
4570 2
4569 4
4568 1
4570 3
4569 2
4567 4
4571 0
4571 3
4569 3
4567 2
4571 276
4569 1
4568 0
4567 0
4571 2
4568 1
4568 2
4567 2
4568 3
4567 4
4570 1
4567 2
4568 0
4571 2
4569 2
4570 0
4571 0
4568 0
4568 1
4570 0
4568 1
4570 1
4570 4
4567 1
4567 2
4569 2
4570 3
4568 2
4568 2
4568 840
4570 4
4568 99
4568 1
4569 0
4569 1
4571 992
4568 3
4570 321
4568 2
4567 717
4567 4
4568 0
4567 3
4571 2
4571 3
4571 4
4570 4
4571 0
4567 4
4570 0
4568 3
4567 0
4570 3
4571 3
4570 640
4568 0
4569 1
4571 1
4567 3
4568 4
4569 4
4569 4
4568 1
4570 2
4570 2
4569 3
4571 823
4570 2
4570 0
4571 541
4569 587
4567 1
4571 4
4570 3
4569 4
4571 0
4567 0
4570 1
4569 154
4570 0
4568 1
4568 0
4570 543
4569 2
4568 4
4569 1
4568 1
4569 2
4568 0
4569 3
4571 2
4567 425
4568 4
4569 3
4567 525
4571 3
4571 88
4571 4
4571 3
4570 4
4569 4
4571 0
4568 0
4569 319
4567 3
4571 1
4569 593
4569 2
4568 1
4570 467
4569 3
4567 3
4569 77
4571 0
4568 4
4568 1
4567 1
4570 74
4569 290
4569 4
4568 1
4567 2
4570 0
4569 3
4570 2
4567 1
4571 0
4567 1
4569 2
4567 1
4570 0
4571 0
4571 3
4571 3
4570 75
4568 1
4570 4
4569 3
4568 3
4567 2
4567 30
4567 4
4567 0
4570 4
4569 1
4568 0
4570 3
4570 1
4569 3
4568 4
4570 2
4569 0
4571 3
4568 2
4569 1
4570 0
4568 4
4569 406
4570 0
4570 2
4570 4
4568 2
4568 2
4568 1
4570 0
4570 3
4571 2
4567 0
4569 1
4568 35
4567 0
4567 3
4570 375
4568 2
4571 4
4570 3
4569 1
4569 581
4567 4
4569 2
4567 0
4568 1
4567 2
4567 0
4569 4
4571 3
4569 0
4568 2
4567 4
4567 4
4570 1
4571 855
4570 4
4568 3
4567 2
4568 0
4570 3
4569 4
4569 1
4570 499
4570 3
4567 2
4568 2
4567 3
4570 1
4568 0
4569 631
4570 2
4569 521
4571 3
4570 0
4567 2
4567 3
4570 1
4571 143
4571 0
4569 517
4567 3
4571 4
4571 4
4570 4
4570 0
4570 1
4571 4
4570 1
4569 3
4571 2
4571 0
4569 3
4571 3
4568 2
4571 3
4568 903
4568 2
4571 4
4567 3
4567 153
4571 3
4567 499
4568 960
4567 4
4570 3
4568 2
4569 1
4569 0
4571 259
4571 1
4567 366
4567 1
4571 681
4570 1
4568 0
4569 2
4567 4
4570 4
4571 1
4570 4
4568 4
4570 1
4570 0
4567 118
4571 4
4567 1
4569 0
4568 4
4568 1
4567 4
4567 4
4570 2
4568 4
4569 1
4568 1
4569 0
4571 0
4567 249
4571 4
4568 3
4569 405
4567 1
4569 987
4567 4
4569 0
4569 4
4569 3
4568 3
4567 0
4569 308
4569 134
4567 198
4570 401
4567 3
4568 4
4568 2
4570 0
4571 0
4569 3
4567 0
4569 3
4568 3
4569 0
4568 0
4569 3
4571 1
4569 1
4567 4
4568 1
4567 630
4570 1
4570 1
4568 0
4568 4
4567 1
4567 3
4569 2
4570 0
4571 346
4570 2
4567 0
4570 4
4568 3
4570 577
4567 1
4568 2
4568 0
4567 3
4571 4
4568 0
4567 1
4571 173
4570 3
4570 1
4568 3
4569 1
4569 4
4569 1
4569 346
4570 1
4569 2
4567 2
4569 3
4567 1
4567 3
4568 0
4567 4
4569 1
4570 4
4568 0
4571 4
4568 1
4568 110
4569 0
4571 2
4571 2
4568 1
4568 3
4568 927
4570 718
4570 0
4568 947
4568 4
4571 537
4570 4
4568 1
4567 4
4571 3
4571 2
4567 0
4571 2
4570 2
4570 1
4571 4
4571 2
4570 0
4570 3
4569 3
4567 2
4570 0
4569 0
4568 416
4568 2
4571 891
4568 878
4571 2
4567 2
4571 4
4571 4
4568 1
4568 3
4568 1
4567 1
4571 2
4568 3
4571 570
4568 3
4571 3
4571 0
4568 3
4569 4
4568 0
4568 0
4568 2
4568 509
4568 3
4569 4
4571 3
4568 4
4569 322
4569 3
4569 2
4569 3
4570 3
4567 3
4571 4
4569 2
4568 3
4568 0
4570 1
4568 991
4571 1
4570 1
4568 3
4568 4
4567 1
4568 2
4567 1
4568 4
4567 4
4567 4
4568 3
4567 2
4567 0
4571 3
4569 475
4570 1
4569 4
4568 0
4569 3
4570 4
4567 1
4568 0
4571 2
4567 0
4570 2
4570 4
4567 1
4570 0
4571 1
4569 2
4568 4
4567 0
4571 0
4567 2
4570 763
4571 2
4569 3
4570 3
4571 4
4569 3
4571 2
4567 0
4568 0
4570 0
4571 4
4571 2
4569 1
4567 2
4570 4
4568 557
4568 178
4569 0
4567 846
4569 0
4569 1
4567 438
4569 0
4569 1
4568 0
4569 106
4570 1
4569 0
4571 800
4570 2
4567 0
4569 0
4569 0
4569 3
4567 2
4567 0
4571 4
4567 2
4571 3
4569 3
4567 2
4570 1
4571 0
4567 0
4569 1
4568 3
4567 3
4569 0
4569 2
4567 1
4570 0
4568 379
4571 3
4568 4
4568 527
4567 0
4570 4
4570 0
4571 596
4567 4
4569 4
4568 124
4569 4
4567 3
4568 3
4568 441
4570 0
4567 3
4568 3
4569 877
4569 3
4567 2
4570 4
4568 3
4567 140
4570 64
4567 4
4568 4
4569 0
4570 2
4570 0
4571 3
4571 0
4567 251
4567 2
4570 848
4571 0
4571 2
4567 2
4568 3
4567 1
4570 4
4569 2
4569 4
4567 1
4567 1
4571 3
4569 1
4567 1
4570 871
4568 4
4567 4
4567 928
4567 4
4569 4
4567 2
4570 4
4571 4
4571 3
4571 1
4570 3
4568 3
4569 2
4569 2
4568 3
4569 3
4569 4
4567 0
4567 1
4568 1
4569 1
4567 4
4567 1
4567 2
4568 3
4570 3
4570 1
4569 1
4568 1
4567 4
4570 0
4567 2
4567 256
4569 222
4569 622
4567 2
4567 4
4568 1
4568 2
4568 2
4569 0
4568 1
4567 4
4567 2
4570 4
4567 1
4570 0
4570 4
4569 1
4571 2
4570 3
4571 2
4571 751
4570 2
4568 0
4568 3
4571 3
4571 3
4570 4
4569 4
4571 1
4571 4
4568 1
4569 0
4568 2
4568 0
4568 374
4569 944
4569 3
4570 4
4571 1
4568 4
4569 0
4567 2
4569 4
4570 1
4568 3
4570 1
4568 3
4568 2
4571 3
4568 3
4567 834
4569 3
4570 1
4568 0
4570 0
4570 21
4570 2
4568 0
4570 3
4569 1
4567 442
4570 3
4569 3
4568 1
4569 3
4568 108
4571 359
4570 0
4570 0
4567 0
4571 3
4569 203
4568 1
4571 4
4570 474
4568 0
4570 2
4568 3
4570 2
4568 4
4570 0
4567 2
4571 2
4571 1
4567 1
4567 4
4569 2
4568 2
4571 4
4568 0
4568 3
4568 2
4570 349
4571 0
4570 3
4569 4
4568 4
4569 3
4571 4
4568 277
4569 275
4570 241
4569 674
4567 3
4571 2
4568 440
4568 3
4567 444
4569 188
4567 2
4568 2
4568 3
4569 545
4571 4
4568 2
4569 2
4571 3
4570 0
4567 0
4567 2
4568 124
4571 80
4569 127
4568 4
4570 126
4569 2
4569 3
4570 1
4567 3
4567 0
4570 4
4569 2
4567 2
4571 4
4567 0
4567 13
4569 2
4569 3
4568 4
4571 2
4570 1
4568 1
4569 2
4569 3
4568 1
4570 996
4570 1
4568 608
4567 1
4570 1
4570 1
4569 4
4567 1
4570 725
4567 339
4568 0
4569 331
4569 1
4569 0
4571 1
4570 1
4567 3
4569 3
4571 1
4567 3
4567 3
4567 1
4569 2
4570 219
4568 2
4571 1
4568 4
4571 736
4568 3
4570 1
4568 1
4567 4
4571 0
4570 0
4569 1
4569 795
4567 2
4567 4
4571 2
4569 3
4568 3
4569 3
4569 3
4571 4
4571 3
4570 2
4569 4
4571 0
4567 3
4568 1
4568 0
4571 829
4571 174
4571 0
4567 2
4568 756
4571 3
4567 0
4571 650
4567 3
4567 614
4567 3
4570 3
4571 0
4570 1
4567 3
4567 4
4569 1
4568 4
4567 549
4569 3
4571 4
4568 1
4571 975
4569 1
4567 2
4568 0
4567 2
4569 977
4571 0
4567 3
4569 56
4567 441
4571 4
4568 2
4570 4
4569 3
4568 0
4570 0
4571 4
4570 2
4569 3
4569 0
4567 3
4569 2
4569 0
4568 2
4570 4
4568 0
4567 4
4568 838
4570 1
4567 4
4568 877
4570 465
4570 3
4568 2
4569 0
4568 0
4571 1
4570 2
4569 4
4567 502
4567 0
4567 1
4567 2
4568 0
4570 4
4567 0
4570 3
4569 0
4568 3
4571 1
4567 2
4569 1
4567 1
4567 3
4571 451
4570 3
4568 1
4570 1
4571 0
4571 1
4569 4
4569 2
4567 35
4567 298
4569 4
4570 2
4567 2
4571 3
4570 2
4569 1
4568 0
4570 3
4571 1
4570 353
4570 3
4567 3
4567 2
4568 0
4568 4
4569 3
4568 470
4567 2
4568 0
4570 0
4569 1
4570 2
4569 3
4569 0
4569 0
4569 2
4571 1
4571 3
4567 0
4569 702
4571 4
4569 4
4571 162
4571 4
4571 0
4567 4
4567 1
4571 1
4567 3
4568 2
4568 3
4570 1
4567 0
4569 2
4570 4
4569 0
4571 3
4571 4
4568 0
4570 1
4567 1
4570 1
4570 3
4570 2
4570 3
4571 0
4570 4
4570 3
4567 1
4571 2
4567 4
4570 4
4569 3
4571 4
4569 1
4568 965
4568 2
4569 4
4568 4
4570 2
4569 1
4570 1
4571 0
4569 2
4569 1
4569 1
4567 1
4567 776
4571 2
4570 1
4568 1
4570 1
4568 1
4571 3
4571 3
4567 4
4568 2
4570 0
4570 4
4569 3
4568 2
4571 4
4569 2
4571 3
4570 792
4570 253
4567 4
4571 2
4571 2
4571 1
4567 1
4570 406
4567 4
4568 3
4568 3
4570 0
4568 0
4570 2
4568 955
4567 2
4567 2
4571 2
4571 1
4571 4
4571 0
4571 1
4570 4
4571 1
4570 1
4571 2
4571 586
4567 3
4571 610
4570 2
4567 2
4568 280
4571 2
4571 3
4569 1
4571 0
4569 430
4567 3
4569 3
4571 2
4568 2
4568 0
4568 0
4571 2
4568 629
4570 2
4567 2
4571 72
4567 402
4571 3
4568 1
4568 635
4568 0
4570 0
4570 1
4569 1
4571 1
4571 2
4567 555
4569 0
4570 4
4570 0
4570 1
4569 0
4570 3
4570 1
4568 0
4569 217
4570 0
4568 0
4568 1
4571 4
4568 4
4570 2
4569 2
4569 4
4569 3
4569 3
4570 0
4570 3
4571 435
4569 4
4569 584
4568 3
4568 1
4569 4
4569 2
4570 4
4571 3
4568 159
4570 0
4567 730
4571 1
4567 773
4568 1
4569 4
4567 4
4567 2
4569 1
4570 1
4570 4
4571 3
4567 4
4570 4
4567 300
4568 3
4567 1
4567 2
4568 132
4567 3
4568 2
4570 4
4567 3
4568 810
4569 0
4570 4
4568 34
4567 3
4568 2
4570 4
4568 4
4568 3
4571 4
4570 811
4569 1
4567 2
4568 4
4567 1
4571 3
4571 564
4569 0
4569 1
4570 0
4570 1
4570 4
4570 4
4570 0
4570 0
4571 0
4571 0
4570 1
4567 1
4571 1
4567 3
4571 3
4567 2
4570 716
4568 2
4570 50
4569 1
4571 3
4567 384
4567 1
4569 1
4570 4
4568 2
4570 1
4567 10
4569 2
4567 4
4570 1
4569 563
4570 347
4571 3
4569 3
4567 2
4569 2
4571 4
4569 1
4568 0
4568 4
4568 1
4567 0
4569 3
4568 0
4567 4
4567 3
4567 4
4571 3
4571 0
4571 634
4570 658
4570 3
4568 2
4567 1
4571 285
4571 4
4571 2
4571 3
4569 1
4571 4
4571 4
4571 4
4568 3
4568 3
4567 2
4570 4
4571 1
4571 567
4569 2
4570 2
4570 0
4571 0
4569 1
4570 2
4568 3
4570 2
4571 3
4571 1
4569 1
4570 0
4570 2
4570 4
4571 2
4569 0
4567 2
4569 0
4568 2
4569 1
4568 0
4570 3
4567 4
4571 1
4569 1
4571 2
4567 0
4568 3
4570 4
4569 0
4571 560
4570 0
4571 892
4568 2
4568 1
4567 3
4569 3
4568 754
4567 2
4570 1
4571 741
4571 4
4571 179
4567 1
4569 917
4569 0
4570 0
4567 0
4570 2
4568 0
4569 4
4567 3
4568 3
4570 0
4567 4
4569 272
4568 0
4570 3
4570 3
4567 964
4567 0
4569 4
4569 2
4569 2
4567 0
4567 4
4567 4
4571 336
4570 36
4567 4
4568 217
4568 0
4568 1
4570 0
4570 538
4571 4
4570 1
4568 191
4568 2
4571 0
4569 3
4569 3
4570 263
4569 2
4567 2
4567 2
4567 3
4567 1
4568 3
4571 1
4571 2
4567 624
4569 1
4567 4
4568 1
4571 371
4569 1
4569 1
4569 2
4571 3
4570 3
4571 1
4570 1
4567 3
4567 1
4568 0
4568 2
4568 331
4571 4
4567 705
4569 0
4571 0
4568 1
4569 2
4571 121
4568 4
4570 3
4568 1
4569 79
4568 744
4568 4
4569 0
4568 266
4567 3
4568 1
4567 14
4569 3
4567 0
4568 3
4570 682
4570 1
4569 4
4567 294
4571 21
4568 1
4568 223
4569 1
4571 719
4568 1
4569 0
4567 1
4570 2
4569 3
4567 0
4569 0
4567 2
4571 3
4570 4
4569 748
4571 1
4567 2
4570 0
4567 1
4569 0
4568 3
4570 1
4571 3
4571 3
4570 554
4569 4
4567 0
4568 3
4571 3
4571 509
4571 1
4567 1
4568 1
4571 2
4571 1
4568 419
4570 1
4568 0
4569 2
4571 2
4569 2
4567 718
4571 3
4568 4
4570 194
4567 4
4567 0
4570 2
4569 915
4570 487
4567 0
4568 465
4569 1
4570 3
4567 4
4570 4
4570 3
4567 3
4568 4
4568 424
4570 224
4570 3
4570 4
4570 363
4568 812
4569 1
4571 4
4569 3
4567 1
4571 3
4568 1
4567 4
4569 87
4570 1
4571 3
4567 451
4571 2
4569 2
4569 0
4570 913
4570 4
4569 4
4569 194
4568 406
4571 1
4571 4
4568 4
4568 63
4568 3
4568 0
4567 1
4568 3
4571 2
4570 2
4569 1
4571 3
4567 1
4569 4
4567 157
4568 0
4570 0
4571 1
4567 0
4570 355
4569 4
4570 2
4571 0
4567 1
4571 2
4568 287
4568 2
4568 1
4569 3
4571 3
4571 466
4569 3
4570 0
4568 2
4567 4
4567 4
4570 2
4568 0
4569 2
4567 0
4568 1
4571 2
4567 2
4568 4
4568 0
4568 4
4570 3
4569 0
4569 684
4568 3
4570 4
4569 2
4569 0
4568 4
4567 1
4571 1
4568 1
4570 1
4568 2
4570 4
4569 4
4571 887
4570 4
4569 4
4570 3
4570 2
4568 2
4571 1
4569 0
4568 777
4570 3
4570 0
4569 3
4570 1
4567 3
4569 9
4569 2
4569 4
4571 4
4569 539
4571 0
4569 1
4568 871
4568 1
4570 3
4569 4
4569 2
4567 0
4571 3
4571 1
4570 4
4567 2
4567 810
4570 2
4569 3
4568 2
4570 2
4568 1
4569 2
4570 4
4571 18
4571 2
4567 2
4571 4
4569 4
4568 79
4571 4
4569 0
4569 3
4567 0
4571 611
4568 3
4567 3
4567 4
4567 2
4570 708
4569 338
4570 4
4569 4
4571 0
4571 4
4569 0
4569 1
4567 2
4570 3
4571 836
4570 433
4570 1
4570 2
4570 4
4569 0
4571 0
4570 4
4571 898
4571 1
4567 940
4570 0
4571 0
4568 0
4568 3
4569 658
4567 274
4568 4
4567 4
4567 1
4570 0
4570 0
4571 3
4567 0
4570 1
4570 1
4570 4
4571 2
4570 0
4567 1
4568 3
4571 2
4568 1
4571 900
4570 3
4570 3
4568 0
4569 2
4568 2
4570 3
4569 973
4568 1
4568 0
4569 2
4569 1
4571 4
4570 0
4570 0
4570 2
4567 330
4570 0
4571 0
4569 914
4570 0
4569 237
4567 942
4570 475
4568 3
4569 1
4570 1
4569 1
4570 0
4568 2
4569 4
4567 3
4571 3
4568 3
4571 4
4569 2
4567 4
4570 1
4568 0
4569 2
4567 0
4570 1
4567 0
4567 352
4567 2
4568 1
4570 3
4571 0
4568 4
4569 4
4568 1
4570 487
4568 4
4570 4
4569 1
4571 4
4568 4
4568 3
4570 4
4567 1
4570 1
4570 1
4567 3
4571 4
4569 0
4567 753
4569 0
4568 0
4569 3
4571 425
4569 0
4569 3
4570 3
4571 2
4569 2
4568 4
4571 0
4568 1
4569 3
4571 867
4567 242
4567 4
4571 4
4568 1
4570 4
4570 4
4568 3
4571 0
4570 2
4571 4
4568 3
4569 1
4568 2
4571 1
4570 4
4568 4
4567 1
4567 4
4570 3
4568 0
4570 3
4569 251
4569 950
4571 1
4569 69
4570 4
4571 92
4570 3
4568 603
4567 2
4570 3
4569 2
4571 914
4567 4
4570 4
4571 4
4571 3
4571 3
4568 977
4570 0
4571 1
4571 0
4569 3
4567 0
4571 4
4569 1
4569 2
4569 2
4571 1
4568 666
4570 2
4570 0
4569 1
4569 288
4569 199
4570 146
4571 785
4570 1
4568 0
4571 4
4569 1
4569 1
4567 1
4570 2
4571 2
4571 617
4571 427
4570 1
4569 4
4569 374
4571 1
4568 4
4569 3
4570 4
4571 3
4567 2
4571 4
4568 0
4569 2
4568 3
4571 3
4569 2
4568 0
4569 0
4567 627
4571 3
4570 0
4568 1
4571 284
4571 1
4568 0
4570 1
4567 450
4570 1
4570 0
4567 1
4569 0
4567 3
4571 2
4568 2
4567 0
4569 4
4571 4
4567 3
4570 3
4569 1
4569 728
4569 0
4567 3
4570 1
4571 1
4567 0
4569 2
4567 100
4567 302
4569 3
4569 3
4567 3
4568 96
4571 533
4567 4
4568 4
4568 1
4571 1
4568 4
4570 4
4567 0
4569 1
4569 1
4570 4
4571 0
4571 3
4568 1
4570 0
4567 0
4570 1
4571 3
4571 0
4568 3
4570 0
4568 4
4571 3
4568 838
4570 1
4571 0
4569 276
4570 4
4567 883
4571 4
4570 2
4568 4
4570 0
4570 57
4568 1
4570 2
4571 4
4570 3
4571 0
4568 169
4569 2
4571 226
4570 369
4571 3
4569 1
4568 3
4570 4
4571 1
4569 1
4571 1
4569 2
4568 0
4569 3
4568 4
4569 1
4571 0
4568 499
4569 2
4568 2
4570 3
4568 0
4569 0
4567 2
4569 4
4569 745
4571 0
4569 4
4569 1
4569 1
4570 767
4569 4
4570 357
4568 900
4571 2
4567 4
4571 3
4568 2
4568 3
4569 2
4569 4
4570 0
4571 2
4567 3
4571 4
4569 4
4571 2
4570 1
4571 2
4571 0
4571 121
4568 1
4569 2
4569 645
4567 233
4568 779
4570 4
4570 2
4567 855
4568 389
4570 3
4570 0
4570 0
4570 972
4569 2
4570 1
4571 3
4571 3
4568 1
4567 2
4567 921
4567 4
4570 1
4567 0
4568 4
4571 3
4568 2
4569 0
4570 661
4570 1
4567 2
4570 4
4568 424
4568 1
4568 4
4567 2
4571 0
4567 0
4567 2
4569 4
4567 4
4571 1
4568 2
4569 1
4568 2
4567 133
4571 3
4570 3
4568 0
4570 3
4570 1
4568 56
4568 4
4568 0
4571 213
4570 719
4570 4
4567 1
4569 0
4569 1
4568 2
4571 0
4567 1
4567 1
4569 1
4571 1
4570 4
4570 3
4567 249
4571 2
4571 4
4571 2
4570 3
4569 2
4567 0
4569 2
4567 0
4567 4
4571 0
4569 2
4570 1
4571 703
4569 1
4569 472
4570 3
4571 0
4569 4
4569 4
4571 1
4568 0
4570 1
4570 0
4570 177
4567 0
4569 572
4570 1
4571 4
4570 0
4567 164
4571 3
4570 4
4570 124
4568 1
4570 1
4568 3
4567 951
4568 92
4568 0
4571 0
4570 1
4569 0
4568 2
4571 2
4571 279
4570 2
4571 3
4571 4
4570 2
4571 1
4571 3
4571 2
4567 3
4568 1
4569 1
4567 614
4571 2
4569 4
4568 4
4569 1
4568 1
4568 4
4567 4
4569 1
4567 2
4571 0
4569 1
4569 2
4568 3
4567 4
4568 0
4569 3
4568 1
4567 4
4567 565
4569 2
4570 2
4568 226
4571 3
4567 175
4567 437
4569 3
4570 0
4568 1
4571 0
4567 1
4571 1
4570 3
4571 3
4569 4
4567 1
4571 175
4567 2
4568 2
4569 0
4567 930
4569 410
4569 3
4567 902
4571 3
4569 4
4571 4
4567 0
4570 2
4570 4
4569 4
4568 0
4569 0
4567 642
4571 1
4568 3
4567 3
4569 0
4570 0
4571 3
4568 2
4570 2
4569 3
4567 869
4568 3
4568 1
4567 2
4569 2
4569 758
4568 0
4567 4
4571 2
4567 1
4570 2
4568 561
4570 3
4571 1
4570 3
4567 2
4570 2
4569 322
4571 850
4568 0
4570 1
4568 4
4569 1
4567 4
4570 0
4568 3
4570 194
4570 3
4567 924
4570 937
4571 1
4570 3
4570 3
4570 633
4571 577
4568 4
4567 915
4570 2
4569 4
4571 2
4567 185
4570 2
4571 3
4570 0
4570 0
4571 4
4568 2
4571 727
4570 4
4570 3
4571 3
4568 767
4571 0
4568 2
4571 586
4570 2
4567 2
4568 1
4569 3
4570 3
4570 0
4569 4
4568 2
4567 3
4569 341
4570 4
4568 1
4571 0
4567 3
4569 0
4569 2
4569 1
4570 1
4571 0
4567 3
4568 0
4570 2
4571 3
4568 4
4571 0
4569 1
4570 683
4570 2
4568 0
4568 3
4568 4
4568 4
4568 1
4569 1
4568 0
4568 3
4568 3
4571 3
4571 342
4569 3
4571 1
4567 3
4570 2
4569 3
4569 2
4571 2
4569 1
4569 2
4570 3
4568 0
4570 0
4567 2
4567 2
4568 3
4568 0
4567 108
4568 2
4570 3
4567 3
4568 1
4569 552
4568 3
4568 3
4570 3
4567 3
4567 313
4569 3
4570 495
4571 4
4570 2
4569 0
4569 2
4569 311
4568 2
4570 4
4570 3
4571 3
4571 3
4570 1
4569 4
4568 3
4568 0
4567 4
4571 2
4568 0
4571 2
4571 0
4568 0
4567 2
4571 135
4568 1
4569 3
4568 545
4569 372
4567 893
4569 4
4567 0
4568 4
4570 2
4567 1
4568 0
4571 4
4571 0
4567 1
4567 0
4571 227
4568 0
4571 2
4569 3
4571 188
4568 4
4567 2
4567 3
4570 0
4568 3
4567 0
4567 1
4570 373
4569 4
4567 1
4571 1
4570 271
4570 0
4568 3
4570 1
4570 793
4568 1
4568 4
4567 3
4571 757
4569 589
4568 4
4569 320
4569 3
4571 0
4567 4
4571 0
4567 0
4571 1
4568 3
4569 0
4569 0
4571 2
4571 4
4567 3
4567 4
4571 0
4568 1
4568 4
4569 4
4569 1
4568 0
4569 3
4568 4
4567 4
4568 4
4571 2
4570 908
4567 0
4571 3
4567 1
4569 2
4569 0
4567 4
4570 3
4568 727
4570 2
4568 2
4569 3
4571 4
4568 2
4571 2
4571 1
4571 2
4568 3
4568 3
4571 34
4567 0
4568 4
4571 0
4571 203
4568 925
4567 322
4571 1
4567 254
4569 2
4569 1
4567 4
4569 664
4568 0
4568 2
4569 2
4569 2
4568 2
4571 4
4568 3
4571 404
4568 3
4571 1
4570 1
4570 2
4571 1
4569 3
4571 4
4567 3
4571 0
4570 3
4569 0
4569 255
4568 2
4567 0
4567 3
4568 3
4569 0
4568 3
4568 4
4567 3
4569 1
4568 0
4571 4
4569 2
4568 1
4568 3
4570 4
4568 2
4569 1
4571 337
4567 0
4567 2
4569 3
4567 4
4568 0
4571 215
4571 0
4570 104
4567 3
4571 633
4568 4
4571 0
4569 319
4568 0
4571 976
4569 0
4567 2
4569 3
4569 4
4567 3
4569 0
4571 0
4569 2
4567 796
4571 0
4569 4
4569 4
4567 3
4569 570
4568 4
4571 0
4571 1
4567 0
4567 0
4567 2
4568 0
4569 4
4570 3
4568 1
4568 4
4567 4
4568 3
4568 4
4567 1
4571 3
4569 609
4567 3
4570 1
4571 0
4568 2
4571 4
4570 3
4571 1
4571 903
4570 586
4569 598
4571 4
4571 4
4569 3
4569 4
4570 0
4569 2
4568 4
4567 3
4570 4
4568 448
4570 4
4571 765
4568 0
4567 3
4569 2
4569 0
4568 2
4569 0
4567 3
4568 0
4568 4
4570 266
4567 2
4570 2
4569 4
4567 986
4567 3
4571 0
4568 4
4568 18
4568 197
4568 0
4568 4
4567 4
4568 401
4569 4
4569 2
4570 3
4570 3
4569 3
4570 1
4567 1
4568 4
4568 4
4568 4
4568 1
4569 3
4569 1
4568 2
4571 2
4571 1
4570 4
4569 3
4571 687
4569 799
4571 3
4570 722
4568 4
4568 4
4568 0
4569 242
4569 3
4570 2
4568 4
4567 0
4570 2
4568 4
4568 838
4569 4
4567 753
4571 3
4568 0
4571 2
4571 4
4569 0
4569 4
4570 131
4567 3
4567 1
4571 4
4570 3
4571 1
4567 0
4568 4
4570 3
4567 3
4570 1
4568 1
4571 3
4567 2
4571 3
4571 3
4570 1
4569 4
4569 4
4571 3
4568 0
4569 948
4569 0
4567 512
4569 3
4569 389
4571 2
4570 4
4567 2
4567 2
4571 2
4569 272
4569 1
4570 3
4567 0
4568 3
4571 3
4570 443
4567 4
4567 1
4571 0
4567 1
4567 2
4568 479
4569 0
4567 3
4570 3
4570 0
4567 3
4567 1
4569 4
4567 0
4568 3
4567 4
4570 4
4571 3
4568 3
4567 2
4571 4
4569 1
4569 3
4570 3
4570 3
4571 0
4570 3
4569 491
4568 126
4570 292
4571 2
4570 2
4567 576
4568 4
4568 1
4567 570
4568 0
4571 4
4570 1
4570 4
4569 4
4567 3
4571 0
4568 167
4570 2
4567 983
4569 4
4569 2
4569 4
4567 3
4567 639
4571 4
4567 1
4568 940
4571 3
4571 1
4567 1
4568 2
4569 2
4567 1
4571 2
4571 523
4571 2
4568 4
4568 3
4569 4
4568 4
4567 891
4568 3
4571 2
4569 133
4570 1
4571 737
4569 0
4569 2
4567 3
4569 751
4571 1
4567 2
4567 0
4571 906
4570 1
4568 0
4568 694
4569 0
4567 3
4571 268
4568 0
4569 0
4571 1
4570 4
4567 2
4571 0
4571 898
4571 4
4568 1
4571 1
4567 0
4569 4
4571 4
4570 4
4567 0
4568 3
4569 0
4570 891
4567 991
4568 3
4570 853
4570 1
4568 2
4568 1
4569 3
4571 1
4570 0
4570 0
4571 342
4567 2
4567 3
4569 4
4568 4
4570 3
4570 1
4571 169
4567 1
4569 598
4567 60
4568 4
4570 1
4567 1
4568 2
4568 3
4567 3
4570 0
4568 0
4570 862
4571 1
4570 0
4571 1
4571 3
4567 4
4568 1
4571 3
4569 3
4567 1
4571 2
4571 1
4570 1
4567 2
4567 323
4569 2
4569 3
4570 2
4571 3
4568 0
4571 2
4570 3
4570 235
4568 1
4567 4
4568 4
4569 105
4568 1
4568 4
4571 0
4567 4
4569 0
4571 966
4571 1
4568 732
4568 0
4571 4
4567 2
4571 1
4571 1
4568 4
4567 2
4568 1
4568 3
4571 1
4568 4
4568 1
4571 0
4571 4
4569 810
4568 1
4571 974
4567 4
4570 4
4571 0
4567 4
4570 3
4568 17
4568 3
4571 3
4567 549
4568 0
4569 3
4571 4
4568 710
4569 4
4570 4
4568 3
4570 1
4569 0
4568 1
4568 4
4570 0
4571 2
4567 3
4568 189
4569 1
4570 3
4571 2
4568 0
4568 2
4567 1
4567 4
4570 4
4567 4
4571 272
4568 0
4568 1
4571 4
4568 2
4570 595
4569 0
4568 4
4568 1
4568 677
4567 4
4570 459
4570 1
4571 2
4570 255
4569 1
4569 0
4570 0
4570 2
4569 2
4570 79
4570 1
4567 2
4571 0
4569 0
4570 0
4571 0
4570 4
4571 1
4567 3
4567 4
4571 2
4568 1
4567 1
4568 1
4569 314
4568 2
4569 1
4568 2
4567 0
4571 1
4570 1
4568 165
4571 2
4570 2
4569 4
4567 4
4569 924
4571 2
4567 688
4571 3
4570 4
4567 3
4569 3
4571 4
4570 4
4570 0
4571 91
4570 2
4571 0
4570 0
4569 3
4571 501
4567 1
4568 505
4567 0
4571 768
4571 1
4568 2
4570 3
4569 1
4567 4
4567 2
4570 4
4571 3
4570 0
4567 3
4569 834
4571 0
4570 2
4571 2
4567 4
4570 1
4571 2
4570 1
4568 2
4571 1
4571 1
4571 678
4571 2
4570 4
4571 1
4570 973
4567 4
4571 1
4571 14
4569 273
4570 2
4567 1
4568 4
4567 552
4567 68
4570 0
4570 4
4567 1
4571 3
4567 3
4568 0
4571 3
4570 323
4570 1
4569 0
4570 13
4569 3
4569 3
4567 2
4567 0
4568 38
4569 2
4570 1
4570 0
4568 4
4567 3
4567 2
4568 3
4571 378
4568 1000
4568 2
4568 1
4571 2
4568 0
4571 4
4569 4
4570 0
4571 755
4569 3
4569 1
4569 0
4568 3
4571 3
4569 3
4569 0
4567 2
4567 381
4568 0
4570 3
4569 1
4571 1
4570 3
4567 3
4570 0
4570 3
4569 3
4568 3
4568 1
4569 3
4571 0
4571 789
4567 4
4570 1
4571 3
4567 3
4567 2
4567 0
4569 3
4569 2
4569 3
4569 0
4571 2
4570 1
4567 3
4570 4
4567 1
4569 2
4570 16
4571 4
4567 898
4569 0
4569 12
4567 0
4568 4
4571 2
4568 4
4567 4
4570 148
4570 0
4567 2
4571 3
4567 0
4570 3
4567 1
4571 2
4567 2
4569 0
4571 279
4567 0
4567 0
4571 3
4569 2
4567 52
4571 1
4567 2
4567 4
4570 2
4571 2
4569 4
4568 0
4567 451
4570 330
4568 483
4570 1
4571 929
4570 1
4569 477
4567 0
4568 0
4570 3
4568 0
4571 4
4570 1
4570 0
4569 2
4569 0
4571 4
4569 3
4569 729
4568 2
4567 2
4570 3
4570 0
4567 4
4570 1
4571 1
4569 0
4569 1
4570 3
4569 3
4567 2
4571 816
4571 634
4567 0
4569 1
4568 170
4570 4
4568 2
4568 3
4570 1
4569 2
4570 1
4568 3
4568 3
4571 1
4569 97
4569 896
4568 779
4570 4
4570 3
4567 1
4568 2
4568 4
4568 0
4570 1
4571 1
4568 3
4571 0
4570 2
4571 3
4569 1
4567 1
4567 0
4571 4
4571 2
4567 0
4571 4
4568 1
4571 4
4571 0
4569 4
4569 4
4568 3
4571 3
4567 0
4570 1
4568 0
4570 576
4567 2
4571 2
4571 1
4570 3
4571 3
4571 4
4567 0
4570 2
4568 2
4567 4
4567 4
4570 1
4571 0
4569 160
4571 277
4570 4
4568 3
4570 3
4568 2
4568 3
4568 2
4570 4
4567 3
4568 0
4568 1
4570 4
4569 2
4570 2
4570 0
4570 2
4567 3
4569 2
4570 3
4568 3
4570 4
4568 4
4571 0
4567 303
4570 4
4568 2
4567 2
4568 4
4571 16
4567 2
4568 4
4569 3
4569 1
4567 249
4570 0
4568 4
4569 4
4567 1
4571 982
4569 4
4568 1
4571 2
4571 4
4571 74
4569 1
4567 0
4567 3
4568 4
4570 4
4567 2
4567 4
4569 3
4571 0
4571 338
4571 0
4567 3
4569 1
4571 0
4570 3
4571 4
4570 4
4567 4
4571 0
4570 1
4568 4
4571 1
4567 3
4569 0
4567 3
4569 1
4571 0
4571 475
4570 47
4568 0
4568 4
4571 395
4570 3
4569 3
4569 3
4570 0
4568 4
4567 912
4571 222
4568 4
4568 4
4570 911
4570 2
4568 1
4571 2
4567 3
4567 4
4567 1
4571 1
4568 1
4568 1
4567 4
4570 1
4569 2
4568 2
4571 824
4567 0
4567 202
4569 1
4567 428
4570 2
4569 1
4569 4
4571 1
4567 1
4568 0
4569 2
4568 4
4569 0
4571 1
4569 0
4571 35
4571 877
4571 2
4568 2
4571 0
4568 728
4571 4
4568 980
4567 4
4567 1
4571 1
4570 0
4571 248
4571 4
4568 1
4571 4
4568 1
4571 2
4567 0
4570 1
4571 0
4567 374
4571 0
4570 0
4570 4
4571 4
4567 0
4568 3
4567 2
4570 3
4568 4
4571 2
4570 4
4570 2
4570 4
4568 2
4567 224
4569 905
4567 4
4569 4
4569 3
4567 3
4571 0
4570 3
4570 3
4568 287
4570 1
4569 4
4571 2
4568 4
4570 0
4567 3
4569 0
4569 3
4571 241
4571 1
4571 3
4569 0
4568 725
4571 4
4568 1
4567 4
4569 646
4569 2
4568 0
4570 0
4571 3
4568 4
4569 900
4570 4
4567 4
4569 3
4569 507
4571 3
4571 2
4571 608
4571 3
4571 4
4570 2
4567 0
4569 4
4567 2
4571 2
4568 0
4567 2
4569 4
4570 2
4569 3
4567 814
4568 3
4571 4
4567 4
4568 4
4571 309
4570 2
4569 4
4567 329
4569 0
4570 1
4569 0
4568 0
4567 2
4571 4
4571 4
4569 3
4571 2
4567 167
4569 170
4571 3
4570 636
4568 2
4570 363
4567 826
4569 1
4571 4
4569 4
4567 1
4568 1
4569 1
4570 3
4571 2
4569 4
4568 2
4567 0
4571 3
4571 3
4568 0
4569 0
4568 893
4567 2
4569 0
4571 1
4568 4
4567 2
4570 4
4569 514
4568 0
4569 0
4567 1
4570 3
4567 4
4569 89
4568 1
4568 28
4570 4
4567 4
4571 3
4570 2
4568 2
4571 1
4568 3
4568 0
4569 566
4570 3
4568 1
4570 100
4569 2
4568 4
4568 908
4568 3
4567 1
4570 3
4568 0
4569 3
4567 1
4571 3
4567 2
4567 102
4568 3
4571 0
4570 612
4571 3
4567 0
4568 0
4570 4
4569 4
4569 2
4571 1
4567 3
4571 2
4571 0
4570 0
4567 2
4571 59
4567 2
4571 2
4567 3
4571 1
4568 391
4571 559
4569 1
4570 1
4570 2
4570 171
4570 2
4571 64
4570 2
4570 3
4568 2
4568 0
4569 795
4567 4
4571 3
4569 0
4570 4
4568 0
4569 1
4571 1
4567 0
4567 4
4569 2
4570 0
4568 0
4568 1
4571 280
4567 2
4571 3
4571 3
4571 0
4569 4
4570 0
4570 2
4567 1
4568 3
4571 69
4570 494
4568 1
4568 320
4568 4
4571 3
4568 668
4570 3
4568 182
4568 432
4568 1
4571 610
4567 2
4567 1
4567 635
4571 3
4568 4
4571 4
4570 1
4570 0
4570 4
4570 0
4571 195
4571 2
4568 0
4571 2
4571 0
4569 3
4571 3
4567 2
4568 4
4567 4
4568 0
4569 2
4569 0
4569 1
4570 0
4568 0
4571 2
4571 0
4569 0
4568 0
4569 3
4569 1
4570 2
4568 3
4569 0
4567 2
4567 4
4571 1
4570 3
4571 0
4567 2
4567 4
4571 3
4568 3
4568 291
4568 0
4567 1
4568 1
4568 3
4569 3
4569 3
4570 2
4571 3
4570 3
4570 4
4568 301
4571 3
4571 3
4567 1
4570 3
4567 2
4567 88
4571 3
4568 0
4567 714
4568 2
4571 0
4567 0
4570 2
4570 1
4571 0
4569 1
4568 4
4571 4
4570 4
4570 4
4567 1
4568 3
4567 3
4568 3
4569 4
4570 2
4571 0
4569 1
4571 337
4567 0
4567 0
4569 1
4568 1
4568 2
4568 3
4568 0
4570 1
4569 4
4567 1
4567 3
4570 3
4571 4
4570 4
4569 0
4567 4
4567 73
4567 514
4571 1
4567 0
4567 2
4569 4
4569 1
4567 1
4567 3
4568 1
4569 2
4567 3
4567 1
4569 1
4570 1
4568 741
4567 412
4567 1
4570 4
4567 3
4570 0
4570 631
4568 0
4571 0
4571 619
4571 2
4569 1
4570 284
4568 362
4568 4
4567 1
4568 3
4567 3
4571 1
4569 725
4570 0
4571 4
4568 3
4570 1
4567 1
4570 1
4567 4
4570 549
4569 2
4570 2
4568 1
4569 0
4569 0
4568 4
4569 3
4571 1
4569 4
4570 0
4567 3
4570 643
4567 4
4568 2
4570 0
4568 3
4571 0
4568 3
4570 4
4571 0
4567 0
4568 58
4571 4
4570 0
4571 2
4570 2
4570 1
4571 629
4570 3
4568 3
4571 6
4567 887
4568 265
4571 1
4568 4
4567 3
4570 4
4570 4
4570 1
4568 1
4570 2
4571 2
4571 3
4568 2
4567 773
4570 0
4571 2
4571 4
4567 0
4570 3
4568 2
4568 0
4568 3
4571 3
4568 72
4567 0
4567 744
4571 1
4568 1
4570 3
4568 4
4570 0
4567 3
4570 0
4571 741
4567 0
4568 4
4571 2
4568 3
4569 3
4567 2
4571 4
4568 0
4567 4
4567 370
4567 0
4567 4
4571 820
4570 2
4567 1
4570 0
4569 2
4567 0
4567 2
4567 4
4567 4
4567 0
4570 3
4567 576
4567 3
4568 0
4568 3
4569 3
4570 4
4568 88
4571 4
4569 1
4568 3
4568 1
4568 1
4571 953
4567 742
4568 1
4570 2
4570 2
4567 0
4571 3
4570 0
4568 0
4569 806
4571 504
4570 1
4570 4
4569 246
4569 4
4567 187
4570 0
4568 819
4568 1
4567 4
4567 180
4569 0
4569 3
4570 1
4570 248
4571 4
4568 1
4571 3
4570 3
4571 3
4567 964
4569 4
4569 2
4569 671
4569 3
4568 2
4571 1
4568 40
4569 4
4571 3
4567 4
4568 1
4567 0
4571 184
4568 1
4569 785
4567 0
4569 1
4571 4
4567 1
4571 1
4570 4
4568 1
4570 0
4569 215
4571 3
4570 2
4569 1
4568 767
4568 4
4568 760
4571 3
4569 4
4571 4
4568 1
4569 506
4567 2
4567 1
4568 676
4570 3
4569 0
4568 3
4571 3
4570 207
4571 2
4571 2
4568 0
4571 2
4569 1
4571 4
4571 1
4567 2
4569 498
4570 0
4568 3
4571 3
4570 1
4569 999
4569 2
4567 1
4567 0
4567 2
4567 2
4568 3
4569 3
4571 0
4568 3
4570 3
4570 2
4569 2
4570 364
4570 4
4571 74
4567 2
4570 1
4567 0
4569 1
4571 3
4568 3
4571 0
4568 2
4567 2
4567 0
4567 556
4569 983
4568 2
4570 0
4567 0
4568 4
4570 3
4567 0
4569 3
4571 1
4568 2
4569 3
4571 368
4567 2
4567 4
4567 4
4567 4
4570 0
4569 2
4571 0
4571 1
4570 804
4569 4
4570 1
4571 3
4571 4
4569 1
4568 3
4569 1
4569 0
4570 2
4567 3
4567 4
4569 4
4569 74
4569 0
4570 1
4569 226
4570 798
4570 3
4570 2
4567 2
4571 1
4571 27
4567 3
4569 2
4571 1
4568 720
4569 2
4570 304
4567 4
4571 1
4569 0
4569 3
4568 2
4571 0
4568 3
4568 2
4568 1
4571 4
4571 4
4570 1
4569 0
4569 4
4567 2
4570 3
4570 1
4569 1
4571 0
4568 0
4570 2
4567 0
4570 2
4569 3
4570 3
4571 4
4570 1
4568 184
4570 4
4568 1
4568 4
4570 1
4570 1
4567 1
4569 1
4568 851
4569 4
4570 792
4571 4
4568 0
4571 0
4568 1
4570 4
4571 0
4567 1
4568 505
4571 1
4571 485
4567 3
4571 0
4567 4
4571 2
4568 4
4571 227
4567 2
4568 845
4570 1
4571 0
4570 4
4569 2
4568 2
4571 4
4570 1
4571 2
4567 4
4568 1
4571 0
4569 2
4570 189
4570 1
4568 710
4567 1
4568 1
4570 3
4570 3
4568 1
4570 1
4571 4
4569 1
4568 1
4570 0
4570 371
4568 1
4570 4
4568 1
4570 4
4569 4
4569 4
4571 3
4569 2
4569 1
4571 0
4567 285
4569 809
4567 4
4569 3
4571 782
4571 0
4570 0
4568 3
4567 3
4567 307
4571 1
4568 1
4568 0
4567 686
4567 3
4568 1
4568 1
4569 545
4567 2
4571 4
4571 0
4571 2
4570 4
4567 1
4568 0
4567 858
4571 0
4571 4
4568 0
4570 3
4567 4
4571 4
4570 3
4570 1
4569 3
4568 4
4569 4
4569 3
4569 0
4571 336
4569 3
4568 128
4571 4
4569 870
4571 721
4569 2
4567 4
4567 2
4567 4
4570 363
4571 3
4571 2
4568 0
4571 3
4568 4
4569 37
4570 3
4568 3
4571 321
4568 0
4568 0
4569 2
4568 2
4570 1
4571 905
4571 4
4568 0
4567 4
4569 1
4567 2
4567 0
4570 2
4568 0
4568 839
4570 3
4567 1
4571 3
4568 0
4571 1
4567 4
4571 4
4570 964
4569 0
4567 4
4567 2
4568 1
4571 4
4568 1
4569 2
4571 1
4567 1
4570 0
4571 0
4568 925
4569 1
4570 4
4568 0
4567 3
4567 2
4570 4
4567 4
4567 2
4570 3
4568 24
4569 4
4568 1
4568 2
4567 3
4570 1
4571 1
4568 305
4570 1
4569 0
4568 4
4568 1
4571 2
4567 1
4571 3
4567 1
4570 521
4568 1
4570 0
4567 1
4569 4
4567 3
4569 2
4567 0
4571 3
4567 1
4567 3
4567 0
4571 1
4571 1
4570 2
4567 3
4570 4
4571 4
4570 3
4571 1
4567 0
4569 3
4571 2
4568 1
4571 0
4570 265
4567 2
4567 2
4568 4
4571 3
4569 249
4570 3
4567 3
4569 4
4570 3
4570 0
4567 2
4568 2
4570 2
4569 4
4571 0
4568 0
4568 0
4567 3
4567 0
4568 552
4568 1
4568 1
4571 4
4570 257
4568 421
4571 4
4567 3
4569 4
4570 4
4567 0
4570 0
4568 4
4567 0
4571 3
4571 4
4568 1
4569 2
4570 2
4569 3
4569 4
4567 229
4569 9
4569 2
4567 704
4569 0
4570 4
4571 0
4568 1
4567 2
4567 4
4567 819
4569 2
4567 3
4571 1
4570 2
4571 1
4568 820
4570 0
4570 4
4570 1
4569 1
4567 2
4569 0
4570 1
4567 84
4570 851
4568 4
4571 776
4570 2
4568 0
4570 4
4571 1
4570 2
4571 4
4567 901
4568 1
4568 0
4571 654
4571 2
4570 3
4570 2
4568 3
4568 3
4570 285
4571 4
4571 0
4569 1
4567 4
4567 3
4569 2
4569 4
4569 0
4569 4
4569 1
4568 4
4571 1
4570 3
4567 3
4567 956
4571 1
4567 0
4571 4
4571 4
4569 1
4571 3
4571 3
4571 2
4568 2
4567 0
4567 2
4568 2
4571 2
4568 2
4571 3
4567 3
4568 536
4568 4
4570 5
4569 1
4571 3
4567 3
4569 1
4568 0
4571 1
4571 1
4567 0
4567 1
4569 2
4568 0
4571 0
4569 1
4568 1
4568 2
4569 4
4569 3
4567 4
4571 566
4571 637
4570 4
4567 1
4567 199
4568 192
4570 2
4567 4
4568 4
4570 0
4570 3
4570 1
4569 2
4571 3
4570 3
4570 4
4569 3
4570 1
4569 4
4570 0
4569 4
4570 4
4570 2
4568 1
4570 3
4567 0
4569 2
4569 879
4568 0
4568 956
4571 323
4569 2
4570 4
4567 4
4569 1
4568 2
4569 276
4570 4
4570 279
4568 2
4568 1
4570 2
4568 2
4568 2
4570 1
4568 4
4569 2
4568 463
4569 0
4571 303
4569 1
4569 0
4567 2
4570 0
4569 1
4569 2
4570 4
4567 796
4567 0
4570 1
4571 55
4569 0
4567 1
4570 1
4570 639
4570 0
4571 1
4567 3
4569 4
4568 3
4568 0
4568 2
4570 958
4568 1
4568 1
4568 4
4570 4
4570 1
4571 4
4570 2
4570 0
4571 70
4567 0
4570 4
4571 3
4571 867
4571 0
4568 0
4570 2
4568 826
4569 3
4570 3
4571 2
4568 376
4569 1
4567 1
4570 2
4567 4
4571 2
4569 4
4569 0
4569 0
4569 2
4570 1
4570 847
4570 3
4571 1
4567 4
4568 0
4567 2
4568 2
4567 1
4571 0
4567 377
4567 0
4571 3
4570 1
4567 278
4569 4
4570 2
4569 4
4567 3
4568 4
4570 1
4567 311
4569 692
4570 3
4571 2
4569 1
4568 279
4569 2
4571 1
4567 659
4568 3
4570 4
4569 2
4570 918
4569 0
4568 1
4568 4
4567 1
4567 1
4568 3
4568 0
4571 2
4567 4
4569 0
4571 494
4568 3
4567 3
4567 1
4571 4
4567 1
4567 0
4568 2
4569 2
4567 573
4571 0
4569 232
4571 2
4571 2
4569 4
4567 4
4567 3
4569 2
4570 534
4568 1
4571 2
4568 4
4570 4
4570 3
4567 1
4569 2
4569 1
4567 451
4567 247
4567 818
4568 0
4568 1
4570 3
4567 0
4569 3
4571 2
4567 2
4569 909
4570 3
4567 0
4571 1
4571 3
4568 4
4570 1
4569 2
4569 0
4567 2
4568 4
4568 4
4569 1
4568 1
4571 786
4568 3
4571 893
4568 2
4571 1
4570 0
4569 1
4571 1
4568 3
4569 0
4569 1
4569 4
4568 1
4568 3
4571 471
4569 3
4571 4
4570 144
4568 1
4570 1
4570 3
4571 1
4571 204
4571 4
4568 1
4571 0
4570 3
4571 3
4568 4
4567 2
4571 0
4569 3
4568 1
4568 3
4570 2
4568 356
4570 3
4568 1
4571 0
4571 4
4568 0
4571 0
4567 0
4571 2
4569 1
4568 4
4571 3
4568 3
4569 2
4570 2
4568 3
4571 3
4568 327
4571 207
4571 2
4570 4
4570 4
4570 3
4570 357
4568 2
4569 2
4570 2
4569 0
4569 0
4571 997
4568 2
4568 470
4570 1
4570 1
4567 3
4568 4
4567 910
4567 4
4567 4
4568 4
4571 2
4569 4
4568 0
4569 3
4568 4
4568 0
4570 1
4571 0
4571 531
4570 3
4568 1
4570 1
4570 2
4567 1
4567 244
4568 367
4570 1
4567 0
4570 3
4567 2
4568 2
4570 3
4567 1
4570 4
4568 1
4571 3
4568 0
4568 4
4567 1
4571 0
4568 4
4569 3
4570 2
4569 4
4569 2
4570 4
4570 226
4571 3
4570 0
4571 498
4569 3
4570 4
4567 1
4569 97
4567 8
4570 2
4571 754
4567 1
4569 1
4571 0
4571 220
4570 22
4569 792
4571 4
4569 4
4571 0
4568 0
4569 1
4569 0
4570 0
4568 1
4570 1
4569 255
4571 2
4570 1
4567 958
4568 3
4569 1
4568 3
4569 2
4569 0
4570 3
4571 1
4568 2
4568 2
4569 3
4567 2
4567 0
4570 3
4569 258
4567 0
4568 2
4571 3
4570 0
4570 3
4569 2
4567 2
4568 1
4570 1
4570 0
4570 0
4567 1
4567 4
4571 797
4568 1
4571 941
4570 1
4571 3
4568 3
4567 2
4570 4
4571 0
4568 853
4571 1
4567 0
4571 1
4571 1
4567 0
4567 1
4570 1
4568 2
4568 5
4571 3
4571 1
4567 1
4571 3
4569 0
4569 0
4568 0
4569 2
4569 3
4570 1
4568 4
4567 3
4569 2
4567 482
4569 0
4567 4
4567 3
4567 3
4570 198
4571 1
4570 3
4569 4
4569 3
4569 3
4568 3
4568 1
4568 2
4567 1
4567 0
4567 0
4569 4
4568 827
4567 2
4571 2
4567 656
4570 3
4570 3
4568 4
4567 4
4568 3
4567 637
4570 602
4570 920
4570 2
4567 311
4567 1
4568 1
4571 1
4570 0
4570 3
4567 1
4571 3
4570 2
4570 4
4569 4
4569 3
4567 340
4567 1
4570 4
4567 0
4568 3
4569 4
4568 1
4568 1
4568 351
4571 4
4567 715
4570 3
4568 2
4568 4
4569 563
4568 1
4569 2
4571 326
4571 1
4569 870
4569 3
4569 2
4569 0
4571 1
4571 4
4567 3
4567 1
4571 3
4567 2
4570 0
4570 1
4568 501
4571 3
4567 1
4568 4
4568 709
4571 0
4571 3
4571 2
4570 3
4568 1
4570 2
4569 1
4570 2
4568 2
4569 2
4567 4
4570 4
4569 16
4570 1
4569 2
4568 0
4569 2
4571 4
4568 3
4567 763
4571 461
4571 3
4568 2
4568 3
4567 557
4571 385
4570 511
4568 1
4568 3
4570 0
4567 4
4569 472
4571 4
4567 1
4570 3
4570 628
4570 4
4571 0
4569 1
4571 0
4568 0
4568 0
4571 3
4567 601
4570 334
4571 2
4568 1
4567 3
4568 3
4569 1
4569 0
4567 1
4568 1
4570 1
4567 0
4571 0
4568 4
4571 1
4567 1
4568 812
4571 4
4569 619
4568 1
4571 3
4568 719
4571 939
4568 1
4568 434
4571 4
4569 3
4570 555
4567 423
4567 387
4567 3
4569 4
4568 4
4571 476
4570 3
4570 3
4570 3
4567 0
4567 0
4567 2
4568 2
4569 4
4569 0
4568 585
4571 3
4567 4
4571 0
4568 3
4567 4
4569 689
4571 0
4571 924
4571 0
4567 0
4571 2
4570 2
4569 4
4568 3
4571 2
4571 674
4567 4
4570 2
4567 4
4567 1
4571 4
4570 2
4568 755
4568 2
4568 641
4571 1
4568 303
4567 256
4571 120
4567 1
4570 3
4569 3
4567 0
4569 2
4567 4
4568 1
4571 0
4568 3
4568 2
4571 0
4570 4
4569 1
4570 4
4570 2
4567 3
4567 4
4569 1
4568 0
4568 1
4568 2
4567 4
4569 1
4569 3
4570 179
4569 0
4567 0
4570 1
4567 3
4569 4
4569 2
4568 398
4568 3
4571 2
4568 1
4567 3
4567 0
4567 1
4567 0
4569 0
4570 4
4570 1
4567 0
4569 0
4571 4
4570 4
4570 4
4567 1
4571 4
4570 4
4571 2
4571 0
4567 4
4567 3
4569 550
4567 0
4569 3
4568 1
4569 2
4567 3
4567 2
4570 1
4570 1
4570 4
4570 768
4568 424
4567 795
4568 2
4569 4
4569 0
4569 0
4567 1000
4571 4
4570 4
4571 4
4570 0
4567 4
4568 984
4568 1
4567 1
4569 4
4571 687
4571 1
4568 4
4570 2
4571 1
4569 0
4567 2
4567 4
4570 0
4567 0
4570 3
4568 1
4570 0
4571 0
4568 3
4570 0
4571 823
4569 2
4571 0
4570 0
4571 2
4570 0
4568 425
4569 0
4569 634
4571 2
4569 1
4568 2
4571 467
4570 3
4568 4
4567 4
4569 4
4567 2
4571 2
4571 2
4571 2
4569 2
4568 1
4567 1
4571 783
4568 105
4569 695
4567 241
4569 4
4570 30
4570 0
4567 3
4571 3
4568 490
4567 3
4571 0
4569 2
4569 0
4567 1
4567 3
4570 4
4568 1
4568 318
4568 2
4570 0
4567 524
4569 4
4570 4
4571 212
4570 912
4567 4
4570 4
4571 4
4568 3
4568 4
4569 4
4570 3
4568 0
4567 0
4570 2
4569 2
4570 4
4571 0
4567 2
4567 0
4567 3
4570 209
4570 952
4568 2
4569 4
4570 1
4569 4
4568 0
4567 1
4571 3
4571 1
4568 4
4569 2
4570 2
4567 1
4570 2
4569 734
4568 3
4570 2
4570 7
4569 664
4571 2
4571 3
4567 4
4567 181
4570 1
4567 3
4567 0
4571 2
4567 0
4567 2
4570 4
4568 2
4571 0
4570 0
4570 2
4567 2
4568 2
4568 0
4568 0
4571 138
4571 1
4567 872
4567 1
4571 4
4570 4
4568 1
4569 883
4568 795
4571 227
4571 4
4571 1
4567 0
4567 663
4567 1
4569 3
4568 3
4568 0
4568 3
4567 3
4571 2
4570 4
4567 3
4571 0
4567 2
4568 2
4567 4
4570 0
4567 3
4568 2
4567 0
4567 3
4570 0
4570 2
4567 3
4567 4
4570 1
4571 2
4571 227
4570 1
4569 1
4567 0
4570 1
4568 2
4571 4
4569 440
4567 1
4568 0
4569 1
4569 49
4569 3
4569 4
4571 0
4568 0
4569 4
4569 3
4570 0
4571 4
4571 2
4571 842
4569 2
4569 4
4569 1
4568 4
4570 4
4570 1
4568 1
4568 45
4568 945
4568 3
4569 2
4567 3
4567 1
4571 1
4567 0
4568 1
4571 3
4571 3
4568 955
4569 0
4567 0
4569 2
4568 3
4567 196
4567 2
4568 2
4568 3
4571 2
4568 4
4571 3
4571 0
4569 0
4568 4
4569 1
4567 1
4571 2
4568 2
4568 3
4571 3
4567 0
4569 1
4571 4
4567 0
4569 0
4568 4
4569 3
4569 2
4570 2
4567 1
4570 3
4570 423
4570 573
4569 1
4568 4
4567 2
4569 4
4567 2
4567 0
4571 4
4568 3
4570 829
4570 1
4569 4
4570 4
4569 1
4570 674
4567 532
4570 251
4569 712
4568 438
4567 1
4567 1
4571 0
4569 2
4568 0
4571 1
4568 259
4568 3
4568 3
4571 3
4570 4
4571 0
4570 0
4570 2
4570 0
4571 4
4569 4
4570 1
4568 0
4567 1
4567 0
4570 4
4570 1
4569 0
4571 0
4567 2
4567 13
4568 3
4567 3
4569 2
4570 1
4567 4
4571 2
4570 2
4568 4
4568 477
4569 170
4570 4
4570 2
4569 4
4567 3
4569 3
4571 4
4567 1
4570 2
4568 4
4571 0
4568 3
4569 3
4570 4
4567 2
4571 1
4570 4
4569 3
4571 0
4569 4
4570 3
4569 1
4569 84
4571 2
4569 4
4568 0
4567 0
4571 1
4567 3
4570 4
4569 472
4567 1
4570 1
4568 3
4568 885
4569 3
4570 3
4569 3
4568 1
4567 3
4569 3
4570 2
4568 0
4569 0
4567 678
4571 41
4570 1
4569 500
4568 2
4569 3
4571 614
4567 4
4571 0
4568 4
4569 1
4569 2
4567 3
4569 2
4570 3
4570 4
4570 461
4569 4
4569 357
4569 4
4569 1
4571 1
4571 16
4568 2
4569 4
4567 2
4568 4
4570 3
4571 1
4568 4
4570 0
4568 3
4567 0
4568 3
4568 4
4571 2
4569 2
4568 4
4567 3
4568 1
4569 3
4571 2
4570 409
4569 4
4571 1
4570 4
4571 500
4567 2
4569 1
4568 3
4570 4
4568 2
4568 0
4571 0
4569 1
4571 613
4570 4
4570 3
4571 3
4568 2
4567 3
4571 3
4570 0
4569 842
4571 2
4569 0
4569 4
4569 4
4568 0
4568 0
4568 1
4568 819
4571 4
4569 4
4567 1
4571 4
4570 338
4567 522
4568 3
4568 4
4569 2
4570 4
4567 290
4567 4
4567 4
4567 0
4570 3
4570 0
4567 2
4571 4
4571 1
4571 4
4569 0
4570 2
4569 2
4567 2
4569 3
4569 4
4571 4
4570 140
4571 2
4567 4
4569 2
4570 4
4570 619
4570 312
4567 2
4568 4
4569 813
4567 3
4569 2
4569 2
4567 4
4568 0
4568 1
4568 102
4569 3
4568 0
4570 2
4569 3
4568 1
4567 2
4571 4
4567 4
4571 2
4569 1
4571 503
4567 1
4571 60
4567 1
4567 3
4567 200
4567 4
4569 1
4568 0
4569 4
4570 2
4567 828
4568 4
4569 2
4570 1
4570 2
4570 3
4568 3
4570 0
4569 3
4568 371
4570 2
4568 0
4570 1
4571 0
4567 3
4568 143
4571 985
4569 3
4570 1
4568 0
4569 3
4567 3
4571 2
4569 3
4567 1
4567 2
4571 3
4570 4
4571 0
4568 3
4567 0
4569 2
4568 1
4571 0
4569 4
4570 2
4569 0
4571 448
4569 2
4568 0
4568 4
4568 956
4569 2
4571 4
4570 2
4567 4
4570 2
4568 2
4571 3
4569 1
4567 1
4571 3
4570 1
4570 2
4569 4
4568 3
4568 2
4567 3
4568 3
4571 2
4567 4
4570 1
4568 1
4570 0
4567 4
4568 3
4568 0
4571 1
4571 926
4567 4
4571 1
4568 0
4570 1
4567 3
4571 59
4567 237
4570 1
4568 0
4571 2
4567 3
4571 0
4570 1
4571 792
4571 4
4569 602
4570 0
4570 3
4568 4
4571 2
4568 4
4571 0
4567 4
4567 0
4567 3
4569 2
4568 0
4571 160
4571 4
4570 1
4568 573
4567 2
4571 4
4567 3
4568 413
4570 1
4570 4
4571 3
4570 1
4567 0
4570 2
4570 0
4571 2
4569 985
4568 2
4570 1
4567 2
4570 1
4571 4
4568 0
4571 1
4570 0
4569 1
4568 727
4567 284
4571 2
4569 1
4569 2
4568 4
4567 3
4569 498
4569 4
4567 3
4569 2
4570 1
4568 4
4571 2
4567 3
4571 100
4569 1
4568 1
4568 4
4570 1
4570 4
4569 92
4569 692
4569 0
4567 1
4569 0
4567 598
4569 4
4567 1
4570 4
4568 1
4567 4
4569 3
4571 879
4568 2
4570 0
4571 4
4568 0
4570 581
4570 0
4571 625
4571 3
4567 0
4571 4
4571 0
4571 3
4568 3
4568 2
4570 3
4571 2
4568 0
4571 4
4569 4
4571 0
4570 3
4570 4
4571 3
4569 890
4568 1
4570 0
4571 1
4568 1
4567 3
4570 1
4569 885
4569 1
4567 2
4568 2
4569 2
4569 4
4569 3
4570 2
4567 4
4570 0
4569 87
4569 4
4568 3
4569 4
4569 0
4567 4
4569 0
4570 3
4570 3
4570 1
4569 1
4571 0
4567 916
4569 2
4570 3
4569 2
4570 2
4570 2
4568 4
4568 634
4569 4
4570 4
4570 962
4568 3
4571 4
4569 191
4570 2
4569 1
4569 0
4569 4
4568 4
4569 2
4568 353
4571 1
4569 877
4570 1
4567 2
4569 1
4571 3
4567 3
4571 3
4569 2
4567 0
4570 987
4571 1
4568 2
4568 1
4568 4
4567 4
4568 683
4568 0
4568 3
4569 4
4568 4
4571 767
4569 1
4567 249
4570 885
4568 0
4570 4
4568 4
4571 3
4570 0
4570 3
4568 2
4570 4
4571 4
4571 393
4570 4
4570 4
4568 1
4570 2
4568 2
4569 3
4571 0
4571 1
4569 0
4567 377
4568 2
4567 0
4568 0
4571 0
4568 0
4570 4
4569 4
4568 3
4571 4
4571 4
4568 3
4571 1
4569 2
4568 830
4570 1
4567 0
4570 3
4568 2
4570 867
4570 1
4569 1
4571 4
4568 4
4567 300
4567 3
4569 1
4568 1
4570 0
4568 0
4568 2
4567 602
4568 1
4568 1
4571 1
4570 0
4568 2
4567 2
4570 3
4571 3
4571 4
4568 2
4570 861
4570 138
4570 1
4567 576
4567 2
4571 0
4568 2
4568 3
4567 3
4568 4
4571 0
4569 1
4569 1
4571 3
4571 1
4570 4
4571 1
4569 2
4570 2
4571 4
4570 3
4570 4
4568 0
4570 3
4570 1
4571 917
4570 2
4567 863
4571 2
4571 0
4567 0
4567 3
4571 0
4568 3
4567 1
4571 4
4568 4
4568 2
4568 3
4567 39
4569 661
4567 1
4568 3
4570 0
4569 3
4571 4
4569 3
4569 0
4568 0
4571 4
4568 2
4571 2
4569 476
4568 4
4567 1
4569 3
4568 3
4569 4
4567 4
4567 3
4569 1
4569 0
4569 1
4570 1
4569 12
4568 0
4568 3
4570 0
4568 0
4571 610
4568 1
4568 2
4569 1
4567 4
4567 3
4567 0
4571 1
4571 4
4571 3
4570 2
4569 0
4571 4
4568 3
4568 1
4567 4
4567 4
4567 3
4570 2
4570 3
4567 2
4571 0
4568 2
4570 4
4570 422
4569 4
4567 0
4567 247
4567 0
4571 4
4569 0
4567 1
4567 0
4569 3
4567 2
4571 4
4570 3
4569 4
4567 4
4570 946
4571 2
4571 4
4569 4
4567 4
4568 359
4571 0
4567 1
4567 0
4570 2
4568 1
4571 3
4568 979
4570 4
4571 2
4568 1
4570 1
4571 4
4570 2
4569 672
4571 4
4570 2
4568 2
4571 4
4571 4
4568 4
4569 2
4571 1
4570 3
4569 2
4567 4
4571 2
4571 1
4571 0
4568 338
4568 631
4570 586
4568 0
4570 1
4568 4
4571 2
4567 4
4569 1
4571 1
4570 1
4571 4
4571 4
4570 1
4569 1
4568 2
4567 14
4567 1
4570 4
4567 1
4568 4
4567 127
4568 4
4567 2
4569 2
4569 931
4571 650
4567 84
4569 459
4570 3
4570 942
4571 2
4569 300
4567 1
4571 262
4567 0
4569 0
4570 1
4569 3
4568 3
4570 3
4571 4
4569 3
4567 3
4567 2
4568 868
4569 1
4568 3
4570 4
4567 2
4571 2
4570 1
4568 3
4569 993
4569 4
4570 1
4567 1
4570 0
4569 3
4570 3
4568 1
4569 0
4570 3
4571 2
4567 1
4569 831
4567 4
4571 2
4568 3
4569 777
4571 0
4571 1
4569 2
4569 0
4569 1
4568 3
4568 725
4571 3
4569 1
4571 2
4568 1
4569 3
4570 3
4568 1
4569 1
4571 1
4567 42
4569 205
4569 1
4567 1
4567 240
4570 0
4569 0
4567 0
4570 943
4567 3
4567 2
4567 1
4568 0
4570 3
4571 2
4571 797
4571 329
4568 255
4570 0
4571 2
4570 1
4570 4
4569 4
4571 4
4571 0
4568 2
4570 1
4570 2
4568 750
4570 0
4570 3
4570 1
4568 0
4569 0
4570 3
4571 417
4569 2
4571 2
4570 1
4567 175
4568 1
4571 772
4571 4
4571 1
4569 2
4570 181
4567 1
4569 1
4569 3
4568 988
4571 502
4570 2
4570 966
4568 4
4571 3
4568 123
4571 2
4571 4
4567 613
4568 3
4571 418
4567 3
4567 4
4571 2
4569 2
4570 1
4571 4
4570 3
4567 0
4569 0
4570 320
4567 986
4567 4
4569 0
4571 4
4568 4
4567 3
4568 1
4569 3
4568 0
4569 0
4569 153
4569 1
4570 2
4570 710
4571 0
4571 3
4570 2
4571 2
4569 4
4569 4
4568 4
4568 1
4568 3
4567 3
4567 4
4571 2
4567 2
4567 4
4570 4
4567 0
4567 3
4567 0
4570 3
4571 1
4571 54
4569 278
4567 4
4571 945
4570 3
4568 3
4567 4
4567 231
4569 1
4568 799
4570 1
4571 1
4570 1
4569 1
4567 2
4568 329
4567 790
4567 1
4569 0
4570 1
4570 1
4568 695
4569 4
4571 846
4569 2
4571 4
4571 4
4568 0
4567 0
4567 3
4570 149
4568 2
4569 2
4571 2
4571 1
4569 4
4570 3
4570 4
4569 2
4569 455
4568 2
4570 2
4569 3
4571 2
4568 4
4571 245
4569 3
4569 2
4571 0
4567 4
4569 4
4570 0
4567 4
4567 0
4571 102
4568 3
4568 2
4570 2
4567 0
4568 570
4568 1
4569 320
4567 2
4570 1
4567 4
4569 2
4568 4
4571 2
4567 3
4570 1
4568 4
4567 2
4571 2
4569 4
4567 2
4567 3
4568 950
4568 3
4570 3
4567 1
4569 2
4570 1
4568 4
4567 831
4571 2
4569 645
4569 2
4571 0
4570 3
4569 1
4567 0
4568 1
4571 0
4571 3
4570 4
4571 992
4570 787
4567 4
4571 4
4568 2
4569 0
4571 2
4567 3
4569 3
4569 277
4571 493
4571 2
4570 2
4569 0
4568 0
4571 3
4571 4
4569 4
4568 0
4569 1
4569 10
4571 672
4570 67
4569 1
4567 44
4567 4
4567 4
4568 248
4568 1
4570 2
4570 0
4571 3
4570 4
4567 4
4568 26
4567 4
4570 4
4570 3
4567 2
4568 1
4567 0
4571 910
4569 871
4569 4
4567 4
4567 2
4567 2
4570 1
4567 584
4568 3
4568 1
4568 0
4567 1
4567 238
4568 4
4568 340
4567 716
4569 1
4568 997
4567 1
4571 3
4568 4
4567 3
4568 2
4569 4
4569 2
4567 4
4567 4
4568 1
4569 1
4570 3
4571 1
4571 1
4571 251
4569 2
4570 4
4569 1
4568 742
4570 649
4569 3
4568 2
4571 2
4567 3
4567 1
4567 3
4568 1
4567 3
4568 965
4570 1
4568 1
4568 0
4571 3
4569 0
4569 0
4569 4
4570 2
4568 3
4571 980
4570 1
4571 4
4568 4
4568 3
4568 1
4567 294
4570 0
4569 0
4571 2
4569 2
4571 1
4567 1
4571 0
4571 4
4567 55
4571 1
4571 2
4570 4
4571 4
4569 3
4567 2
4568 1
4567 0
4568 613
4568 1
4568 3
4568 3
4569 4
4568 4
4567 1
4568 4
4569 2
4569 3
4568 3
4570 904
4569 2
4570 2
4567 764
4568 1
4571 4
4570 479
4568 1
4570 3
4570 3
4569 163
4567 1
4568 4
4568 904
4567 3
4567 848
4568 3
4570 1
4568 3
4570 3
4567 4
4567 2
4568 4
4570 3
4570 4
4569 594
4568 2
4571 3
4569 4
4569 1
4569 587
4569 522
4569 3
4567 698
4571 1
4571 0
4569 3
4568 4
4568 3
4570 0
4569 797
4567 0
4570 1
4569 1
4571 0
4567 884
4569 3
4571 0
4568 3
4569 0
4567 4
4569 4
4570 2
4571 2
4568 1
4567 2
4570 1
4569 4
4568 0
4569 0
4569 1
4567 0
4567 2
4569 0
4567 3
4570 1
4567 0
4569 1
4568 427
4569 1
4571 4
4567 335
4567 2
4569 1
4569 0
4570 0
4571 4
4571 2
4571 0
4569 4
4571 1
4569 2
4570 1
4569 2
4571 1
4569 3
4567 4
4567 516
4570 4
4570 1
4571 0
4569 1
4568 2
4571 4
4567 4
4570 0
4569 0
4571 547
4570 2
4570 4
4571 1
4571 1
4571 3
4567 3
4568 3
4571 1
4569 0
4568 510
4568 4
4568 3
4569 3
4571 4
4567 2
4571 4
4570 3
4568 4
4567 3
4567 132
4567 1
4569 3
4570 1
4571 2
4567 2
4569 1
4571 2
4569 3
4567 4
4571 4
4570 1
4569 0
4568 1
4570 4
4571 1
4568 552
4571 1
4567 4
4571 0
4569 4
4570 155
4571 0
4570 4
4570 713
4571 4
4567 2
4569 801
4569 3
4568 574
4567 0
4569 3
4569 357
4567 8
4569 1
4570 0
4567 3
4570 0
4568 3
4567 3
4570 4
4569 4
4567 0
4571 0
4567 2
4569 3
4568 2
4568 0
4568 1
4568 3
4568 2
4570 920
4568 4
4569 2
4571 0
4570 2
4571 3
4571 464
4567 0
4570 3
4567 4
4570 904
4569 639
4569 3
4571 1
4570 0
4568 3
4571 2
4570 2
4571 239
4568 2
4570 767
4568 1
4569 3
4567 4
4570 825
4567 3
4571 3
4570 2
4569 501
4571 3
4567 1
4568 407
4567 650
4567 2
4567 1
4570 4
4567 1
4570 0
4571 2
4570 2
4567 264
4568 2
4571 3
4569 0
4567 2
4570 2
4571 3
4567 4
4568 4
4571 3
4571 3
4569 1
4569 2
4571 4
4571 4
4571 0
4569 711
4571 1
4569 3
4570 0
4569 3
4571 639
4571 2
4569 4
4568 0
4567 3
4571 1
4568 3
4569 206
4570 409
4571 291
4570 729
4568 991
4570 3
4570 0
4570 0
4569 4
4570 1
4571 1
4568 0
4570 0
4567 0
4570 0
4567 2
4567 2
4567 3
4568 1
4567 1
4567 2
4569 4
4569 2
4570 3
4571 3
4571 3
4567 2
4569 1
4568 1
4569 2
4570 3
4569 3
4570 2
4567 1
4569 4
4571 3
4571 1
4569 4
4567 3
4568 2
4571 2
4567 0
4570 2
4569 2
4568 1
4571 482
4567 1
4568 4
4571 0
4567 2
4570 3
4569 3
4568 427
4570 2
4568 3
4570 1
4570 31
4570 4
4569 2
4569 145
4569 1
4570 2
4569 1
4571 3
4569 1
4571 0
4568 4
4569 4
4568 30
4568 3
4569 4
4570 3
4569 0
4568 0
4570 2
4567 3
4570 107
4570 3
4571 1
4567 513
4571 2
4567 4
4570 1
4569 1
4568 3
4568 1
4568 4
4570 983
4568 4
4569 3
4569 2
4568 4
4570 0
4569 1
4571 1
4567 3
4570 0
4569 0
4568 4
4570 0
4567 3
4569 3
4568 2
4568 2
4570 2
4570 2
4571 2
4571 0
4570 237
4569 2
4568 256
4570 3
4568 1
4568 0
4569 4
4571 1
4569 3
4570 1
4570 0
4571 1
4567 1
4571 2
4570 2
4567 103
4571 2
4569 4
4571 1
4570 918
4569 3
4570 2
4570 2
4570 3
4571 0
4570 1
4570 1
4569 3
4570 3
4571 4
4568 1
4569 1
4570 1000
4568 1
4567 0
4569 3
4571 4
4569 2
4568 0
4568 624
4569 0
4569 2
4570 3
4570 37
4569 1
4571 4
4571 1
4569 3
4571 0
4571 1
4568 4
4571 453
4568 2
4571 2
4569 3
4568 4
4571 2
4568 3
4567 2
4569 1
4571 708
4570 0
4569 2
4568 411
4568 3
4570 1
4571 0
4570 0
4571 3
4569 0
4571 4
4568 1
4570 2
4571 2
4571 2
4570 4
4567 2
4568 0
4568 3
4570 774
4571 1
4569 4
4568 3
4567 2
4567 3
4567 3
4567 3
4568 0
4571 3
4570 3
4571 2
4568 693
4568 1
4569 852
4569 1
4569 4
4568 854
4567 2
4568 2
4570 3
4570 4
4569 3
4571 2
4570 1
4568 3
4569 3
4569 0
4568 0
4570 0
4568 3
4569 4
4567 479
4571 4
4571 2
4571 2
4567 3
4568 550
4570 0
4567 2
4570 1
4567 0
4571 0
4570 1
4568 2
4570 4
4570 2
4570 3
4568 4
4570 1
4571 4
4568 2
4571 4
4568 2
4568 2
4567 1
4569 3
4571 0
4571 4
4567 4
4570 1
4570 4
4571 0
4568 3
4570 1
4568 1
4567 115
4569 4
4568 4
4568 1
4571 130
4567 0
4569 495
4569 2
4569 3
4570 4
4568 2
4570 2
4571 667
4567 4
4567 3
4568 503
4571 0
4568 1
4568 791
4571 3
4570 450
4571 4
4568 3
4567 766
4569 231
4567 1
4567 0
4569 1
4567 973
4569 3
4570 4
4567 2
4568 1
4570 0
4570 4
4568 51
4568 0
4571 1
4571 2
4570 78
4567 1
4568 4
4569 3
4571 954
4569 4
4570 2
4568 3
4567 704
4568 1
4568 4
4569 0
4570 4
4571 0
4568 2
4568 4
4568 3
4570 3
4569 4
4567 0
4571 376
4568 0
4569 2
4567 139
4570 4
4567 0
4571 528
4568 2
4571 0
4570 4
4567 0
4567 0
4570 1
4571 0
4570 483
4568 3
4569 4
4568 3
4568 3
4567 1
4569 2
4568 0
4567 475
4567 0
4568 3
4567 4
4571 0
4569 173
4567 1
4571 811
4569 1
4570 0
4569 2
4571 173
4567 0
4569 1
4569 4
4570 1
4568 1
4570 3
4571 244
4567 2
4571 4
4569 2
4570 1
4568 1
4571 2
4567 295
4569 261
4569 760
4571 1
4570 4
4568 3
4571 3
4568 4
4569 3
4571 0
4571 4
4567 772
4571 0
4569 148
4570 3
4569 0
4571 1
4569 3
4567 0
4571 1
4567 0
4571 0
4569 3
4569 702
4569 2
4567 4
4568 4
4571 3
4571 1
4568 4
4569 4
4570 2
4567 368
4568 0
4568 3
4568 0
4571 41
4570 4
4571 0
4567 2
4568 1
4568 3
4568 4
4567 318
4568 4
4567 1
4570 0
4571 1
4567 3
4570 0
4569 2
4568 0
4569 6
4567 3
4567 4
4568 4
4570 686
4571 4
4567 1
4568 0
4567 4
4570 1
4570 0
4567 2
4569 4
4569 4
4567 4
4567 2
4567 0
4570 2
4567 4
4568 55
4567 0
4570 3
4568 0
4569 4
4570 4
4571 3
4567 0
4569 0
4569 3
4567 3
4570 1
4569 113
4567 0
4569 4
4567 234
4567 3
4569 904
4570 1
4571 2
4569 332
4570 87
4567 65
4568 1
4570 928
4570 2
4568 3
4567 1
4567 4
4569 4
4567 827
4571 2
4568 4
4568 3
4568 1
4571 1
4570 1
4569 0
4568 3
4571 2
4567 0
4571 290
4570 293
4570 0
4568 2
4569 4
4570 3
4568 66
4570 213
4569 3
4570 2
4570 0
4569 947
4569 148
4567 4
4571 0
4570 3
4569 4
4571 0
4570 3
4568 1
4567 3
4567 4
4570 4
4570 1
4569 2
4569 1
4569 0
4571 298
4568 933
4568 0
4568 3
4570 1
4570 2
4571 3
4568 0
4567 2
4567 0
4569 0
4568 3
4570 4
4569 845
4569 1
4569 691
4570 4
4568 0
4569 998
4567 4
4571 0
4569 1
4570 2
4567 4
4567 0
4568 2
4569 1
4568 4
4567 4
4569 1
4569 3
4569 3
4569 2
4568 0
4569 3
4570 2
4570 0
4569 0
4569 2
4570 707
4569 2
4570 4
4570 4
4570 1
4568 0
4571 3
4571 329
4569 3
4567 1
4568 2
4570 1
4569 0
4567 0
4567 3
4571 0
4570 837
4569 3
4569 0
4570 780
4570 1
4567 4
4569 0
4570 4
4570 3
4567 4
4568 1
4567 0
4570 4
4568 160
4570 0
4571 1
4568 161
4568 2
4567 1
4569 4
4570 0
4571 24
4568 0
4570 3
4568 2
4569 753
4569 1
4567 4
4567 2
4569 732
4569 717
4569 1
4568 1
4567 2
4567 0
4569 4
4570 2
4568 1
4567 3
4570 4
4568 1
4568 2
4568 3
4570 3
4569 215
4571 0
4568 259
4569 1
4568 0
4570 0
4571 3
4567 697
4567 1
4567 2
4568 4
4571 2
4571 0
4570 3
4567 375
4570 2
4568 3
4570 3
4567 1
