Logistic Company
4571 3
4568 0
4571 4
4571 2
4569 572
4570 2
4570 902
4571 0
4571 0
4569 3
4570 4
4567 1
4568 3
4571 0
4568 964
4569 3
4568 3
4569 1
4569 1
4570 4
4569 285
4567 0
4569 3
4568 3
4568 4
4571 3
4569 4
4568 0
4569 4
4569 217
4569 1
4568 2
4569 236
4570 0
4570 1
4571 2
4569 4
4571 1
4571 2
4568 1
4568 4
4570 4
4568 3
4571 3
4571 0
4568 2
4570 0
4570 1
4569 4
4570 3
4570 0
4570 2
4568 1
4570 4
4568 0
4571 0
4569 4
4570 954
4571 1
4571 4
4568 3
4567 1
4570 1
4567 466
4570 0
4567 3
4570 0
4570 3
4568 2
4570 4
4569 2
4568 1
4567 4
4567 2
4567 4
4570 199
4568 3
4567 738
4570 2
4570 123
4571 671
4567 0
4569 0
4569 0
4568 2
4571 0
4569 0
4568 2
4571 0
4571 1
4571 1
4570 984
4570 1
4568 2
4571 4
4568 2
4568 0
4569 0
4570 1
4568 3
4569 1
4568 641
4568 1
4570 1
4569 0
4568 1
4571 1
4567 737
4567 4
4570 681
4569 1
4568 1
4567 338
4571 0
4568 4
4568 1
4569 4
4571 965
4568 3
4568 0
4567 3
4569 4
4570 1
4568 0
4568 3
4569 2
4570 3
4567 4
4568 4
4569 0
4568 2
4569 2
4571 2
4567 4
4568 4
4571 3
4571 0
4567 60
4568 899
4567 4
4567 0
4568 3
4570 1
4570 0
4570 2
4571 253
4569 828
4571 4
4567 910
4568 0
4570 2
4571 3
4569 303
4571 1
4567 0
4568 4
4569 3
4568 4
4571 4
4570 2
4567 2
4570 4
4571 4
4567 1
4569 4
4567 2
4568 0
4569 3
4568 0
4569 4
4570 1
4568 686
4570 3
4570 3
4567 4
4567 4
4568 4
4570 4
4567 3
4569 2
4570 0
4567 2
4570 547
4570 3
4569 0
4569 2
4567 4
4571 1
4569 225
4571 0
4568 0
4568 3
4567 532
4571 0
4568 3
4570 3
4567 4
4568 2
4569 4
4569 4
4570 2
4567 4
4567 1
4570 3
4567 3
4568 2
4568 1
4570 530
4570 4
4569 2
4567 620
4571 410
4568 1
4569 1
4567 0
4569 0
4569 0
4568 3
4568 1
4569 2
4567 2
4567 2
4569 487
4568 4
4571 2
4568 645
4569 1
4569 1
4568 4
4570 3
4571 3
4570 154
4570 2
4571 2
4568 3
4567 4
4570 3
4568 1
4567 4
4569 650
4568 1
4570 4
4568 4
4569 2
4570 3
4569 0
4571 3
4571 4
4567 4
4569 1
4570 1
4567 507
4568 2
4568 2
4568 2
4570 2
4571 2
4569 4
4570 4
4567 1
4567 3
4571 359
4569 1
4568 37
4569 4
4571 0
4568 3
4567 3
4567 2
4571 2
4570 3
4571 3
4568 3
4567 3
4567 1
4570 546
4571 2
4571 455
4571 0
4571 3
4569 2
4570 1
4567 984
4569 0
4569 0
4568 1
4570 4
4569 2
4568 3
4569 595
4568 0
4570 3
4571 3
4569 340
4569 2
4571 1
4567 2
4570 588
4571 3
4570 3
4567 3
4570 2
4569 2
4570 569
4571 1
4570 0
4570 2
4567 2
4570 4
4568 0
4571 2
4568 4
4567 3
4567 4
4570 3
4569 3
4570 434
4568 4
4571 2
4569 2
4567 0
4571 1
4568 118
4569 0
4569 1
4569 2
4569 4
4570 2
4567 3
4568 475
4571 153
4570 4
4567 3
4567 2
4571 2
4569 327
4571 0
4567 0
4571 39
4571 4
4569 2
4568 2
4569 2
4569 3
4568 3
4568 2
4567 3
4571 4
4571 2
4569 2
4570 4
4571 4
4569 0
4570 4
4571 1
4569 1
4568 147
4571 0
4571 2
4569 3
4570 3
4571 4
4568 1
4567 4
4568 588
4570 3
4570 4
4570 950
4569 2
4567 2
4571 3
4571 3
4570 1
4570 2
4567 4
4571 1
4570 80
4567 4
4571 1
4567 4
4567 81
4568 4
4571 275
4571 3
4568 3
4570 198
4570 345
4569 445
4569 2
4571 3
4569 1
4568 0
4570 630
4567 1
4569 1
4570 2
4570 1
4569 0
4568 4
4568 1
4569 4
4567 3
4568 1
4567 1
4569 35
4568 3
4569 394
4569 3
4571 2
4570 2
4571 1
4569 0
4570 0
4568 0
4567 4
4571 0
4571 2
4570 150
4570 2
4570 4
4571 3
4571 2
4569 2
4568 0
4568 4
4569 4
4567 764
4569 0
4567 4
4568 2
4569 1
4567 3
4569 3
4568 3
4568 30
4567 1
4568 3
4567 1
4570 2
4567 3
4569 4
4571 2
4569 1
4567 2
4568 0
4571 2
4571 3
4571 3
4567 4
4568 3
4567 929
4568 2
4568 3
4569 3
4570 4
4571 3
4570 3
4567 2
4568 0
4570 1
4567 4
4571 3
4570 1
4569 1
4571 332
4567 647
4567 3
4570 3
4571 0
4568 901
4569 1
4570 3
4569 3
4569 3
4570 486
4568 1
4569 0
4567 2
4569 2
4567 2
4568 1
4569 247
4567 2
4569 1
4568 3
4570 3
4571 719
4567 0
4570 3
4571 1
4567 4
4569 1
4568 2
4571 2
4570 1
4569 4
4568 0
4570 3
4568 2
4568 3
4567 4
4567 1
4568 3
4567 4
4567 3
4571 2
4567 3
4567 3
4567 3
4568 3
4567 1
4571 2
4569 4
4568 3
4567 4
4570 2
4569 0
4569 2
4570 3
4567 0
4567 4
4568 0
4571 0
4567 2
4568 4
4567 4
4571 1
4567 1
4567 0
4567 0
4570 2
4568 455
4567 2
4569 1
4568 2
4568 4
4570 4
4571 4
4567 3
4568 0
4571 4
4569 0
4567 3
4567 4
4567 49
4570 1
4568 68
4570 939
4571 4
4571 3
4567 849
4570 4
4571 2
4569 4
4568 0
4568 2
4567 2
4568 3
4569 1
4571 28
4571 2
4569 5
4569 3
4569 3
4570 3
4570 1
4567 450
4569 1
4570 2
4571 2
4568 2
4569 4
4568 3
4567 0
4569 854
4571 381
4568 4
4569 3
4568 0
4569 0
4571 3
4567 1
4571 44
4570 1
4570 233
4570 4
4569 2
4570 1
4569 1
4570 1
4568 4
4569 1
4571 3
4570 3
4568 1
4567 0
4569 4
4568 3
4568 4
4570 754
4567 990
4571 4
4569 4
4570 1
4568 1
4571 2
4568 2
4570 1
4571 1
4570 1
4571 3
4568 1
4570 2
4569 2
4568 2
4571 882
4567 0
4567 1
4568 2
4570 4
4569 3
4571 4
4571 4
4570 4
4569 136
4570 847
4570 30
4571 312
4570 2
4570 0
4567 2
4571 655
4570 3
4567 770
4569 2
4570 3
4571 2
4569 2
4568 391
4569 4
4569 560
4568 1
4569 333
4570 634
4568 3
4567 3
4569 2
4567 2
4570 3
4569 988
4567 901
4567 2
4570 4
4568 1
4570 1
4568 3
4567 3
4570 928
4569 535
4571 3
4567 1
4570 1
4569 406
4567 4
4570 1
4571 4
4567 1
4569 1
4569 876
4568 0
4569 0
4568 1
4569 2
4570 0
4571 853
4571 2
4568 3
4571 2
4569 2
4567 0
4571 0
4568 0
4570 2
4568 2
4568 1
4567 4
4570 995
4571 3
4568 387
4567 665
4570 1
4570 4
4568 3
4570 4
4568 4
4571 2
4570 0
4571 3
4569 1
4567 244
4567 680
4571 3
4569 0
4571 622
4569 2
4567 626
4569 4
4567 0
4569 240
4568 3
4569 0
4568 1
4571 0
4571 2
4567 2
4570 2
4567 0
4570 2
4567 3
4567 2
4569 4
4567 0
4570 767
4567 4
4567 4
4569 451
4570 4
4570 4
4571 4
4568 3
4569 0
4571 3
4571 646
4569 3
4568 40
4567 714
4569 378
4568 2
4568 3
4567 2
4568 4
4569 1
4571 2
4567 55
4567 3
4568 2
4567 4
4567 4
4570 4
4568 4
4567 0
4568 3
4568 1
4568 4
4570 924
4570 3
4570 2
4570 0
4569 3
4570 4
4570 0
4567 2
4571 4
4569 0
4571 1
4567 368
4569 1
4567 0
4567 0
4570 3
4568 2
4569 2
4567 1
4567 2
4571 756
4571 0
4571 4
4570 2
4567 4
4571 3
4570 1
4567 2
4568 0
4567 3
4569 4
4567 0
4567 2
4569 1
4570 4
4568 0
4567 1
4567 652
4570 3
4571 4
4568 0
4568 1
4571 2
4570 259
4569 2
4571 2
4569 3
4569 2
4568 3
4567 0
4568 3
4567 3
4571 3
4571 3
4571 4
4567 4
4569 1
4571 0
4567 1
4571 1
4571 2
4568 3
4569 462
4570 549
4571 1
4570 362
4568 809
4567 183
4569 0
4570 3
4568 1
4571 11
4568 3
4571 0
4568 2
4567 3
4571 532
4568 2
4571 1
4568 0
4571 0
4571 1
4568 0
4569 4
4569 2
4570 4
4568 4
4570 0
4568 2
4569 2
4570 1
4569 3
4568 4
4568 749
4571 4
4569 2
4571 230
4571 1
4571 2
4569 0
4567 601
4568 4
4570 1
4569 3
4568 1
4570 2
4568 4
4570 0
4569 647
4567 2
4567 4
4567 0
4569 1
4569 0
4570 114
4571 1
4569 496
4571 967
4571 0
4569 0
4569 1
4568 4
4567 0
4569 4
4570 3
4567 1
4570 2
4570 186
4570 270
4571 0
4570 1
4568 4
4570 0
4567 4
4569 769
4567 2
4570 2
4567 0
4567 2
4571 4
4571 1
4570 4
4568 4
4568 2
4568 908
4570 4
4571 2
4569 3
4571 3
4568 2
4569 3
4568 4
4571 1
4568 2
4569 178
4567 0
4569 747
4567 2
4571 4
4571 1
4567 1
4570 4
4569 3
4567 0
4567 1
4567 1
4568 0
4569 3
4570 4
4569 298
4570 1
4567 0
4570 991
4569 3
4571 1
4571 4
4571 0
4569 586
4567 3
4569 449
4568 0
4567 2
4567 0
4569 1
4567 4
4567 186
4568 123
4569 209
4571 1
4569 0
4567 4
4570 2
4571 2
4569 886
4570 1
4571 2
4571 972
4568 4
4569 835
4567 3
4568 2
4571 1
4569 736
4570 0
4567 2
4569 960
4567 4
4571 1
4570 4
4569 2
4569 0
4568 4
4567 4
4567 3
4568 1
4570 0
4567 4
4567 0
4569 0
4567 2
4570 2
4571 4
4568 1
4569 1
4571 0
4571 3
4569 2
4570 3
4567 63
4568 2
4571 1
4570 2
4568 3
4569 2
4570 1
4570 2
4570 0
4567 4
4569 40
4568 0
4567 1
4567 673
4571 3
4569 0
4568 0
4569 4
